Fecha,Hora,period eating,period other,period resting,period rumination,period eating_count,period other_count,period resting_count,period rumination_count
2024-01-01,0,0.118,0.0,0.826,0.056,1.0,0.0,1.0,1.0
2024-01-01,1,0.0,0.0,0.466,0.534,0.0,0.0,1.0,1.0
2024-01-01,2,0.0,0.0,0.675,0.325,0.0,0.0,1.0,1.0
2024-01-01,3,0.0,0.0,0.774,0.226,0.0,0.0,1.0,1.0
2024-01-01,4,0.0,0.0,0.839,0.161,0.0,0.0,1.0,1.0
2024-01-01,5,0.118,0.0,0.689,0.193,1.0,0.0,2.0,2.0
2024-01-01,6,0.075,0.0,0.61,0.315,1.0,0.0,2.0,1.0
2024-01-01,7,1.0,0.0,0.0,0.0,1.0,0.0,0.0,0.0
2024-01-01,8,0.921,0.079,0.0,0.0,2.0,1.0,0.0,0.0
2024-01-01,9,0.875,0.079,0.0,0.046,2.0,1.0,0.0,1.0
2024-01-01,10,0.63,0.0,0.0,0.37,1.0,0.0,0.0,2.0
2024-01-01,11,0.315,0.0,0.039,0.646,1.0,0.0,1.0,1.0
2024-01-01,12,0.961,0.039,0.0,0.0,2.0,1.0,0.0,0.0
2024-01-01,13,1.0,0.0,0.0,0.0,1.0,0.0,0.0,0.0
2024-01-01,14,0.282,0.079,0.01,0.63,3.0,1.0,1.0,1.0
2024-01-01,15,0.0,0.0,0.423,0.577,0.0,0.0,1.0,1.0
2024-01-01,16,0.475,0.0,0.472,0.052,1.0,0.0,1.0,1.0
2024-01-01,17,1.0,0.0,0.0,0.0,1.0,0.0,0.0,0.0
2024-01-01,18,0.57,0.0,0.197,0.233,1.0,0.0,2.0,1.0
2024-01-01,19,0.0,0.0,0.485,0.515,0.0,0.0,1.0,1.0
2024-01-01,20,0.0,0.0,0.302,0.698,0.0,0.0,1.0,1.0
2024-01-01,21,0.0,0.0,0.708,0.292,0.0,0.0,1.0,2.0
2024-01-01,22,0.0,0.0,0.416,0.584,0.0,0.0,1.0,1.0
2024-01-01,23,0.0,0.0,0.528,0.472,0.0,0.0,1.0,1.0
2024-01-02,0,0.252,0.0,0.63,0.118,1.0,0.0,1.0,1.0
2024-01-02,1,0.18,0.0,0.387,0.433,2.0,0.0,2.0,1.0
2024-01-02,2,0.0,0.0,0.872,0.128,0.0,0.0,1.0,1.0
2024-01-02,3,0.0,0.0,0.42,0.58,0.0,0.0,1.0,1.0
2024-01-02,4,0.0,0.0,1.0,0.0,0.0,0.0,1.0,0.0
2024-01-02,5,0.275,0.0,0.725,0.0,1.0,0.0,2.0,0.0
2024-01-02,6,0.0,0.0,1.0,0.0,0.0,0.0,1.0,0.0
2024-01-02,7,0.944,0.013,0.043,0.0,1.0,1.0,1.0,0.0
2024-01-02,8,0.974,0.026,0.0,0.0,1.0,1.0,0.0,0.0
2024-01-02,9,0.01,0.0,0.282,0.708,1.0,0.0,2.0,1.0
2024-01-02,10,0.77,0.0,0.23,0.0,1.0,0.0,1.0,0.0
2024-01-02,11,1.0,0.0,0.0,0.0,1.0,0.0,0.0,0.0
2024-01-02,12,0.59,0.0,0.079,0.331,2.0,0.0,1.0,2.0
2024-01-02,13,0.275,0.079,0.19,0.456,2.0,2.0,1.0,1.0
2024-01-02,14,0.718,0.079,0.203,0.0,2.0,1.0,1.0,0.0
2024-01-02,15,1.0,0.0,0.0,0.0,1.0,0.0,0.0,0.0
2024-01-02,16,0.961,0.039,0.0,0.0,2.0,1.0,0.0,0.0
2024-01-02,17,1.0,0.0,0.0,0.0,1.0,0.0,0.0,0.0
2024-01-02,18,0.02,0.157,0.236,0.587,1.0,1.0,2.0,2.0
2024-01-02,19,0.0,0.0,0.669,0.331,0.0,0.0,1.0,2.0
2024-01-02,20,0.0,0.0,0.344,0.656,0.0,0.0,1.0,1.0
2024-01-02,21,0.0,0.0,0.41,0.59,0.0,0.0,2.0,1.0
2024-01-02,22,0.0,0.0,0.662,0.338,0.0,0.0,1.0,1.0
2024-01-02,23,0.787,0.0,0.157,0.056,1.0,0.0,2.0,2.0
2024-01-03,0,0.275,0.0,0.118,0.607,1.0,0.0,1.0,2.0
2024-01-03,1,0.197,0.039,0.275,0.489,2.0,1.0,2.0,2.0
2024-01-03,2,0.0,0.0,0.708,0.292,0.0,0.0,1.0,2.0
2024-01-03,3,0.0,0.0,0.695,0.305,0.0,0.0,1.0,1.0
2024-01-03,4,0.0,0.0,0.489,0.511,0.0,0.0,2.0,1.0
2024-01-03,5,0.079,0.079,0.764,0.079,1.0,1.0,2.0,1.0
2024-01-03,6,0.0,0.0,0.728,0.272,0.0,0.0,1.0,1.0
2024-01-03,7,0.354,0.092,0.551,0.003,1.0,1.0,1.0,1.0
2024-01-03,8,0.974,0.026,0.0,0.0,1.0,1.0,0.0,0.0
2024-01-03,9,0.921,0.0,0.079,0.0,2.0,0.0,1.0,0.0
2024-01-03,10,0.426,0.0,0.197,0.377,2.0,0.0,2.0,2.0
2024-01-03,11,0.472,0.0,0.0,0.528,1.0,0.0,0.0,1.0
2024-01-03,12,0.843,0.0,0.157,0.0,2.0,0.0,1.0,0.0
2024-01-03,13,0.102,0.118,0.426,0.354,2.0,2.0,3.0,2.0
2024-01-03,14,0.0,0.0,0.056,0.944,0.0,0.0,2.0,1.0
2024-01-03,15,0.813,0.039,0.148,0.0,2.0,1.0,1.0,0.0
2024-01-03,16,0.957,0.0,0.043,0.0,1.0,0.0,1.0,0.0
2024-01-03,17,0.964,0.0,0.036,0.0,1.0,0.0,1.0,0.0
2024-01-03,18,0.413,0.0,0.079,0.508,1.0,0.0,2.0,2.0
2024-01-03,19,0.0,0.0,0.249,0.751,0.0,0.0,1.0,1.0
2024-01-03,20,0.0,0.0,0.41,0.59,0.0,0.0,2.0,1.0
2024-01-03,21,0.085,0.0,0.285,0.63,1.0,0.0,1.0,1.0
2024-01-03,22,0.072,0.0,0.354,0.574,2.0,0.0,1.0,2.0
2024-01-03,23,0.197,0.0,0.433,0.37,1.0,0.0,2.0,2.0
2024-01-04,0,0.0,0.0,0.292,0.708,0.0,0.0,1.0,1.0
2024-01-04,1,0.0,0.0,0.574,0.426,0.0,0.0,1.0,1.0
2024-01-04,2,0.0,0.0,0.561,0.439,0.0,0.0,1.0,1.0
2024-01-04,3,0.0,0.0,0.462,0.538,0.0,0.0,1.0,1.0
2024-01-04,4,0.0,0.0,0.787,0.213,0.0,0.0,1.0,2.0
2024-01-04,5,0.236,0.0,0.256,0.508,1.0,0.0,3.0,2.0
2024-01-04,6,0.0,0.0,1.0,0.0,0.0,0.0,1.0,0.0
2024-01-04,7,0.761,0.0,0.239,0.0,1.0,0.0,1.0,0.0
2024-01-04,8,1.0,0.0,0.0,0.0,1.0,0.0,0.0,0.0
2024-01-04,9,0.561,0.0,0.157,0.282,2.0,0.0,2.0,1.0
2024-01-04,10,0.433,0.039,0.275,0.252,1.0,1.0,1.0,2.0
2024-01-04,11,0.551,0.0,0.0,0.449,1.0,0.0,1.0,1.0
2024-01-04,12,0.748,0.0,0.118,0.134,1.0,0.0,2.0,1.0
2024-01-04,13,0.393,0.0,0.387,0.22,2.0,0.0,2.0,1.0
2024-01-04,14,0.0,0.0,0.292,0.708,0.0,0.0,2.0,1.0
2024-01-04,15,0.616,0.0,0.384,0.0,1.0,0.0,1.0,0.0
2024-01-04,16,0.997,0.0,0.003,0.0,1.0,0.0,1.0,0.0
2024-01-04,17,0.885,0.0,0.115,0.0,1.0,0.0,1.0,0.0
2024-01-04,18,0.41,0.0,0.0,0.59,2.0,0.0,0.0,1.0
2024-01-04,19,0.239,0.0,0.052,0.708,1.0,0.0,2.0,2.0
2024-01-04,20,0.197,0.0,0.341,0.462,1.0,0.0,2.0,1.0
2024-01-04,21,0.0,0.0,0.669,0.331,0.0,0.0,1.0,2.0
2024-01-04,22,0.393,0.0,0.157,0.449,1.0,0.0,1.0,3.0
2024-01-04,23,0.0,0.0,0.0,1.0,0.0,0.0,0.0,2.0
2024-01-05,0,0.0,0.0,0.63,0.37,0.0,0.0,1.0,2.0
2024-01-05,1,0.741,0.0,0.0,0.259,1.0,0.0,0.0,1.0
2024-01-05,2,0.321,0.0,0.039,0.639,1.0,0.0,1.0,1.0
2024-01-05,3,0.0,0.0,0.538,0.462,0.0,0.0,1.0,1.0
2024-01-05,4,0.0,0.0,0.249,0.751,0.0,0.0,1.0,1.0
2024-01-05,5,0.118,0.0,0.57,0.311,1.0,0.0,2.0,1.0
2024-01-05,6,0.0,0.0,0.331,0.669,0.0,0.0,2.0,1.0
2024-01-05,7,0.8,0.0,0.2,0.0,1.0,0.0,1.0,0.0
2024-01-05,8,1.0,0.0,0.0,0.0,1.0,0.0,0.0,0.0
2024-01-05,9,0.331,0.0,0.079,0.59,3.0,0.0,2.0,1.0
2024-01-05,10,0.426,0.0,0.354,0.22,3.0,0.0,3.0,1.0
2024-01-05,11,0.275,0.0,0.197,0.528,1.0,0.0,1.0,2.0
2024-01-05,12,0.803,0.0,0.079,0.118,2.0,0.0,1.0,1.0
2024-01-05,13,0.377,0.0,0.387,0.236,1.0,0.0,3.0,2.0
2024-01-05,14,0.01,0.0,0.597,0.393,1.0,0.0,2.0,2.0
2024-01-05,15,0.921,0.0,0.079,0.0,2.0,0.0,1.0,0.0
2024-01-05,16,0.449,0.0,0.118,0.433,2.0,0.0,1.0,1.0
2024-01-05,17,0.961,0.0,0.039,0.0,2.0,0.0,1.0,0.0
2024-01-05,18,0.374,0.0,0.118,0.508,2.0,0.0,1.0,2.0
2024-01-05,19,0.0,0.0,0.328,0.672,0.0,0.0,1.0,1.0
2024-01-05,20,0.0,0.0,0.302,0.698,0.0,0.0,1.0,1.0
2024-01-05,21,0.0,0.0,0.787,0.213,0.0,0.0,1.0,2.0
2024-01-05,22,0.0,0.0,0.338,0.662,0.0,0.0,1.0,1.0
2024-01-05,23,0.0,0.0,0.607,0.393,0.0,0.0,1.0,2.0
2024-01-06,0,0.0,0.0,0.567,0.433,0.0,0.0,1.0,1.0
2024-01-06,1,0.079,0.0,0.534,0.387,1.0,0.0,2.0,1.0
2024-01-06,2,0.0,0.0,0.757,0.243,0.0,0.0,1.0,1.0
2024-01-06,3,0.0,0.0,1.0,0.0,0.0,0.0,1.0,0.0
2024-01-06,4,0.0,0.0,0.446,0.554,0.0,0.0,1.0,1.0
2024-01-06,5,0.0,0.0,0.846,0.154,0.0,0.0,1.0,1.0
2024-01-06,6,0.197,0.0,0.764,0.039,1.0,0.0,3.0,1.0
2024-01-06,7,0.407,0.0,0.593,0.0,1.0,0.0,1.0,0.0
2024-01-06,8,1.0,0.0,0.0,0.0,1.0,0.0,0.0,0.0
2024-01-06,9,0.725,0.0,0.079,0.197,2.0,0.0,1.0,1.0
2024-01-06,10,1.0,0.0,0.0,0.0,1.0,0.0,0.0,0.0
2024-01-06,11,0.567,0.0,0.079,0.354,2.0,0.0,1.0,1.0
2024-01-06,12,0.63,0.039,0.331,0.0,2.0,1.0,1.0,0.0
2024-01-06,13,0.275,0.157,0.174,0.393,3.0,3.0,2.0,1.0
2024-01-06,14,0.0,0.0,0.203,0.797,0.0,0.0,2.0,2.0
2024-01-06,15,0.931,0.0,0.0,0.069,1.0,0.0,0.0,1.0
2024-01-06,16,1.0,0.0,0.0,0.0,1.0,0.0,0.0,0.0
2024-01-06,17,1.0,0.0,0.0,0.0,1.0,0.0,0.0,0.0
2024-01-06,18,0.413,0.354,0.0,0.233,1.0,1.0,0.0,1.0
2024-01-06,19,0.079,0.0,0.275,0.646,1.0,0.0,1.0,2.0
2024-01-06,20,0.0,0.0,0.266,0.734,0.0,0.0,1.0,1.0
2024-01-06,21,0.0,0.0,0.364,0.636,0.0,0.0,1.0,1.0
2024-01-06,22,0.0,0.0,0.141,0.859,0.0,0.0,1.0,1.0
2024-01-06,23,0.0,0.0,0.567,0.433,0.0,0.0,1.0,2.0
2024-01-07,0,0.37,0.0,0.079,0.551,1.0,0.0,1.0,1.0
2024-01-07,1,0.528,0.315,0.157,0.0,5.0,1.0,2.0,0.0
2024-01-07,2,0.872,0.0,0.0,0.128,1.0,0.0,0.0,1.0
2024-01-07,3,0.039,0.0,0.275,0.685,1.0,0.0,2.0,2.0
2024-01-07,4,0.0,0.0,0.121,0.879,0.0,0.0,1.0,1.0
2024-01-07,5,0.0,0.0,0.705,0.295,0.0,0.0,1.0,1.0
2024-01-07,6,0.157,0.0,0.433,0.41,2.0,0.0,1.0,2.0
2024-01-07,7,0.603,0.0,0.0,0.397,1.0,0.0,0.0,1.0
2024-01-07,8,1.0,0.0,0.0,0.0,1.0,0.0,0.0,0.0
2024-01-07,9,0.089,0.0,0.243,0.669,1.0,0.0,2.0,1.0
2024-01-07,10,0.495,0.0,0.505,0.0,1.0,0.0,1.0,0.0
2024-01-07,11,1.0,0.0,0.0,0.0,1.0,0.0,0.0,0.0
2024-01-07,12,1.0,0.0,0.0,0.0,1.0,0.0,0.0,0.0
2024-01-07,13,0.416,0.0,0.111,0.472,2.0,0.0,2.0,1.0
2024-01-07,14,0.0,0.0,0.636,0.364,0.0,0.0,2.0,2.0
2024-01-07,15,0.695,0.0,0.0,0.305,1.0,0.0,0.0,1.0
2024-01-07,16,1.0,0.0,0.0,0.0,1.0,0.0,0.0,0.0
2024-01-07,17,1.0,0.0,0.0,0.0,1.0,0.0,0.0,0.0
2024-01-07,18,0.689,0.118,0.0,0.193,3.0,2.0,0.0,1.0
2024-01-07,19,0.0,0.0,0.0,1.0,0.0,0.0,0.0,1.0
2024-01-07,20,0.0,0.0,0.777,0.223,0.0,0.0,1.0,1.0
2024-01-07,21,0.361,0.0,0.049,0.59,1.0,0.0,1.0,1.0
2024-01-07,22,0.308,0.0,0.079,0.613,1.0,0.0,1.0,1.0
2024-01-07,23,0.0,0.0,0.433,0.567,0.0,0.0,1.0,2.0
2024-01-08,0,0.0,0.0,0.63,0.37,0.0,0.0,1.0,1.0
2024-01-08,1,0.0,0.0,0.387,0.613,0.0,0.0,1.0,1.0
2024-01-08,2,0.0,0.0,0.518,0.482,0.0,0.0,1.0,1.0
2024-01-08,3,0.0,0.0,0.734,0.266,0.0,0.0,1.0,1.0
2024-01-08,4,0.118,0.039,0.843,0.0,1.0,1.0,2.0,0.0
2024-01-08,5,0.0,0.0,0.43,0.57,0.0,0.0,1.0,1.0
2024-01-08,6,0.43,0.0,0.472,0.098,1.0,0.0,1.0,1.0
2024-01-08,7,0.475,0.0,0.485,0.039,3.0,0.0,3.0,1.0
2024-01-08,8,0.118,0.0,0.292,0.59,1.0,0.0,3.0,1.0
2024-01-08,9,0.282,0.0,0.718,0.0,2.0,0.0,2.0,0.0
2024-01-08,10,1.0,0.0,0.0,0.0,1.0,0.0,0.0,0.0
2024-01-08,11,0.646,0.0,0.236,0.118,1.0,0.0,1.0,1.0
2024-01-08,12,0.921,0.0,0.0,0.079,1.0,0.0,0.0,1.0
2024-01-08,13,0.489,0.079,0.079,0.354,3.0,1.0,1.0,1.0
2024-01-08,14,0.085,0.0,0.354,0.561,1.0,0.0,1.0,1.0
2024-01-08,15,0.341,0.0,0.118,0.541,1.0,0.0,1.0,1.0
2024-01-08,16,1.0,0.0,0.0,0.0,1.0,0.0,0.0,0.0
2024-01-08,17,0.961,0.0,0.039,0.0,2.0,0.0,1.0,0.0
2024-01-08,18,0.374,0.0,0.433,0.193,1.0,0.0,1.0,1.0
2024-01-08,19,0.0,0.0,0.433,0.567,0.0,0.0,1.0,2.0
2024-01-08,20,0.502,0.0,0.275,0.223,1.0,0.0,1.0,1.0
2024-01-08,21,0.128,0.0,0.164,0.708,1.0,0.0,2.0,1.0
2024-01-08,22,0.0,0.0,0.662,0.338,0.0,0.0,1.0,1.0
2024-01-08,23,0.63,0.0,0.197,0.174,2.0,0.0,3.0,1.0
2024-01-09,0,0.0,0.0,0.174,0.826,0.0,0.0,2.0,1.0
2024-01-09,1,0.0,0.0,1.0,0.0,0.0,0.0,1.0,0.0
2024-01-09,2,0.197,0.0,0.636,0.167,1.0,0.0,2.0,1.0
2024-01-09,3,0.0,0.0,0.223,0.777,0.0,0.0,1.0,1.0
2024-01-09,4,0.003,0.0,0.997,0.0,1.0,0.0,1.0,0.0
2024-01-09,5,0.036,0.039,0.649,0.275,1.0,1.0,3.0,2.0
2024-01-09,6,0.43,0.0,0.57,0.0,1.0,0.0,1.0,0.0
2024-01-09,7,0.515,0.0,0.485,0.0,1.0,0.0,1.0,0.0
2024-01-09,8,0.039,0.0,0.961,0.0,1.0,0.0,2.0,0.0
2024-01-09,9,0.243,0.0,0.757,0.0,1.0,0.0,1.0,0.0
2024-01-09,10,1.0,0.0,0.0,0.0,1.0,0.0,0.0,0.0
2024-01-09,11,0.725,0.0,0.079,0.197,2.0,0.0,1.0,1.0
2024-01-09,12,1.0,0.0,0.0,0.0,1.0,0.0,0.0,0.0
2024-01-09,13,0.567,0.0,0.079,0.354,2.0,0.0,1.0,1.0
2024-01-09,14,0.4,0.039,0.236,0.325,1.0,1.0,2.0,1.0
2024-01-09,15,0.0,0.0,0.511,0.489,0.0,0.0,1.0,2.0
2024-01-09,16,0.711,0.157,0.0,0.131,2.0,1.0,0.0,1.0
2024-01-09,17,0.764,0.236,0.0,0.0,3.0,2.0,0.0,0.0
2024-01-09,18,0.256,0.0,0.233,0.511,1.0,0.0,2.0,1.0
2024-01-09,19,0.0,0.0,0.475,0.525,0.0,0.0,1.0,1.0
2024-01-09,20,0.0,0.0,0.748,0.252,0.0,0.0,1.0,2.0
2024-01-09,21,0.0,0.0,0.557,0.443,0.0,0.0,1.0,1.0
2024-01-09,22,0.472,0.0,0.528,0.0,1.0,0.0,2.0,0.0
2024-01-09,23,0.0,0.0,0.213,0.787,0.0,0.0,3.0,1.0
2024-01-10,0,0.0,0.0,0.472,0.528,0.0,0.0,1.0,1.0
2024-01-10,1,0.0,0.0,0.898,0.102,0.0,0.0,1.0,1.0
2024-01-10,2,0.197,0.0,0.489,0.315,1.0,0.0,3.0,1.0
2024-01-10,3,0.0,0.0,0.384,0.616,0.0,0.0,1.0,1.0
2024-01-10,4,0.118,0.0,0.672,0.21,1.0,0.0,2.0,1.0
2024-01-10,5,0.57,0.0,0.43,0.0,1.0,0.0,1.0,0.0
2024-01-10,6,1.0,0.0,0.0,0.0,1.0,0.0,0.0,0.0
2024-01-10,7,0.436,0.0,0.079,0.485,2.0,0.0,2.0,1.0
2024-01-10,8,0.236,0.0,0.384,0.38,1.0,0.0,1.0,1.0
2024-01-10,9,0.321,0.0,0.128,0.551,1.0,0.0,1.0,1.0
2024-01-10,10,0.938,0.0,0.062,0.0,2.0,0.0,2.0,0.0
2024-01-10,11,0.63,0.079,0.095,0.197,2.0,1.0,2.0,1.0
2024-01-10,12,0.787,0.0,0.0,0.213,1.0,0.0,0.0,1.0
2024-01-10,13,0.275,0.0,0.19,0.534,1.0,0.0,2.0,1.0
2024-01-10,14,0.0,0.0,0.803,0.197,0.0,0.0,2.0,1.0
2024-01-10,15,0.0,0.0,0.659,0.341,0.0,0.0,2.0,2.0
2024-01-10,16,0.948,0.0,0.0,0.052,1.0,0.0,0.0,1.0
2024-01-10,17,1.0,0.0,0.0,0.0,1.0,0.0,0.0,0.0
2024-01-10,18,0.767,0.0,0.157,0.075,1.0,0.0,1.0,1.0
2024-01-10,19,0.0,0.0,0.511,0.489,0.0,0.0,2.0,2.0
2024-01-10,20,0.0,0.0,0.698,0.302,0.0,0.0,1.0,1.0
2024-01-10,21,0.479,0.0,0.049,0.472,1.0,0.0,1.0,1.0
2024-01-10,22,0.82,0.0,0.0,0.18,1.0,0.0,0.0,1.0
2024-01-10,23,0.0,0.0,0.354,0.646,0.0,0.0,2.0,1.0
2024-01-11,0,0.0,0.0,0.41,0.59,0.0,0.0,2.0,1.0
2024-01-11,1,0.0,0.0,0.646,0.354,0.0,0.0,2.0,1.0
2024-01-11,2,0.0,0.0,0.597,0.403,0.0,0.0,1.0,1.0
2024-01-11,3,0.0,0.0,0.813,0.187,0.0,0.0,1.0,1.0
2024-01-11,4,0.082,0.0,0.564,0.354,1.0,0.0,2.0,1.0
2024-01-11,5,0.036,0.0,0.57,0.393,1.0,0.0,2.0,1.0
2024-01-11,6,0.0,0.0,1.0,0.0,0.0,0.0,1.0,0.0
2024-01-11,7,0.682,0.0,0.043,0.275,1.0,0.0,1.0,1.0
2024-01-11,8,0.695,0.305,0.0,0.0,5.0,5.0,0.0,0.0
2024-01-11,9,0.636,0.364,0.0,0.0,2.0,2.0,0.0,0.0
2024-01-11,10,0.348,0.0,0.157,0.495,2.0,0.0,2.0,1.0
2024-01-11,11,0.393,0.197,0.0,0.41,3.0,3.0,0.0,1.0
2024-01-11,12,0.236,0.449,0.315,0.0,2.0,2.0,1.0,0.0
2024-01-11,13,0.741,0.062,0.039,0.157,2.0,1.0,1.0,1.0
2024-01-11,14,0.125,0.0,0.118,0.757,1.0,0.0,1.0,2.0
2024-01-11,15,0.538,0.0,0.315,0.148,1.0,0.0,1.0,1.0
2024-01-11,16,1.0,0.0,0.0,0.0,1.0,0.0,0.0,0.0
2024-01-11,17,0.607,0.236,0.157,0.0,6.0,3.0,2.0,0.0
2024-01-11,18,0.413,0.079,0.118,0.39,3.0,2.0,2.0,1.0
2024-01-11,19,0.0,0.0,0.485,0.515,0.0,0.0,1.0,1.0
2024-01-11,20,0.03,0.0,0.144,0.826,1.0,0.0,2.0,1.0
2024-01-11,21,0.01,0.0,0.59,0.4,1.0,0.0,1.0,1.0
2024-01-11,22,0.0,0.0,0.495,0.505,0.0,0.0,1.0,1.0
2024-01-11,23,0.0,0.0,0.41,0.59,0.0,0.0,2.0,1.0
2024-01-12,0,0.0,0.0,0.567,0.433,0.0,0.0,1.0,1.0
2024-01-12,1,0.0,0.0,1.0,0.0,0.0,0.0,1.0,0.0
2024-01-12,2,0.0,0.0,0.292,0.708,0.0,0.0,2.0,1.0
2024-01-12,3,0.315,0.0,0.502,0.184,2.0,0.0,3.0,1.0
2024-01-12,4,0.043,0.0,0.511,0.446,1.0,0.0,1.0,1.0
2024-01-12,5,0.075,0.0,0.59,0.334,1.0,0.0,2.0,2.0
2024-01-12,6,0.036,0.0,0.551,0.413,1.0,0.0,1.0,1.0
2024-01-12,7,1.0,0.0,0.0,0.0,1.0,0.0,0.0,0.0
2024-01-12,8,0.656,0.344,0.0,0.0,2.0,2.0,0.0,0.0
2024-01-12,9,0.282,0.246,0.079,0.393,4.0,3.0,1.0,1.0
2024-01-12,10,0.23,0.275,0.354,0.141,3.0,3.0,3.0,1.0
2024-01-12,11,0.393,0.039,0.039,0.528,2.0,1.0,1.0,1.0
2024-01-12,12,0.708,0.079,0.213,0.0,3.0,2.0,1.0,0.0
2024-01-12,13,0.898,0.0,0.102,0.0,2.0,0.0,2.0,0.0
2024-01-12,14,0.636,0.157,0.167,0.039,3.0,2.0,2.0,1.0
2024-01-12,15,0.039,0.0,0.777,0.184,1.0,0.0,2.0,1.0
2024-01-12,16,0.79,0.0,0.039,0.17,1.0,0.0,1.0,1.0
2024-01-12,17,0.764,0.236,0.0,0.0,3.0,2.0,0.0,0.0
2024-01-12,18,0.649,0.197,0.039,0.115,4.0,2.0,1.0,1.0
2024-01-12,19,0.0,0.0,0.0,1.0,0.0,0.0,0.0,1.0
2024-01-12,20,0.0,0.0,0.551,0.449,0.0,0.0,1.0,2.0
2024-01-12,21,0.0,0.0,0.164,0.836,0.0,0.0,1.0,1.0
2024-01-12,22,0.102,0.0,0.544,0.354,1.0,0.0,2.0,1.0
2024-01-12,23,0.41,0.0,0.118,0.472,1.0,0.0,1.0,2.0
2024-01-13,0,0.0,0.0,0.551,0.449,0.0,0.0,1.0,2.0
2024-01-13,1,0.072,0.0,0.551,0.377,1.0,0.0,1.0,1.0
2024-01-13,2,0.007,0.0,0.433,0.561,1.0,0.0,1.0,1.0
2024-01-13,3,0.0,0.0,0.538,0.462,0.0,0.0,1.0,1.0
2024-01-13,4,0.0,0.0,0.525,0.475,0.0,0.0,1.0,1.0
2024-01-13,5,0.079,0.0,0.728,0.193,1.0,0.0,2.0,1.0
2024-01-13,6,0.0,0.0,0.767,0.233,0.0,0.0,1.0,1.0
2024-01-13,7,0.721,0.0,0.118,0.161,1.0,0.0,1.0,1.0
2024-01-13,8,0.921,0.079,0.0,0.0,2.0,1.0,0.0,0.0
2024-01-13,9,0.089,0.0,0.282,0.63,1.0,0.0,2.0,1.0
2024-01-13,10,0.574,0.315,0.111,0.0,5.0,4.0,1.0,0.0
2024-01-13,11,0.292,0.0,0.157,0.551,1.0,0.0,2.0,1.0
2024-01-13,12,0.489,0.0,0.511,0.0,2.0,0.0,2.0,0.0
2024-01-13,13,0.574,0.0,0.348,0.079,3.0,0.0,3.0,1.0
2024-01-13,14,0.0,0.0,0.174,0.826,0.0,0.0,2.0,1.0
2024-01-13,15,0.892,0.0,0.108,0.0,1.0,0.0,1.0,0.0
2024-01-13,16,1.0,0.0,0.0,0.0,1.0,0.0,0.0,0.0
2024-01-13,17,0.764,0.0,0.236,0.0,3.0,0.0,2.0,0.0
2024-01-13,18,0.685,0.315,0.0,0.0,3.0,2.0,0.0,0.0
2024-01-13,19,0.397,0.0,0.079,0.525,2.0,0.0,2.0,2.0
2024-01-13,20,0.0,0.0,0.108,0.892,0.0,0.0,1.0,1.0
2024-01-13,21,0.0,0.0,0.639,0.361,0.0,0.0,1.0,1.0
2024-01-13,22,0.0,0.0,0.748,0.252,0.0,0.0,1.0,2.0
2024-01-13,23,0.472,0.0,0.079,0.449,1.0,0.0,1.0,2.0
2024-01-14,0,0.551,0.0,0.039,0.41,1.0,0.0,1.0,1.0
2024-01-14,1,0.0,0.0,0.544,0.456,0.0,0.0,1.0,1.0
2024-01-14,2,0.0,0.0,0.125,0.875,0.0,0.0,1.0,1.0
2024-01-14,3,0.0,0.0,0.774,0.226,0.0,0.0,1.0,1.0
2024-01-14,4,0.0,0.0,0.489,0.511,0.0,0.0,2.0,1.0
2024-01-14,5,0.118,0.0,0.567,0.315,1.0,0.0,2.0,1.0
2024-01-14,6,0.0,0.0,0.885,0.115,0.0,0.0,2.0,2.0
2024-01-14,7,0.643,0.0,0.0,0.357,1.0,0.0,0.0,1.0
2024-01-14,8,1.0,0.0,0.0,0.0,1.0,0.0,0.0,0.0
2024-01-14,9,0.639,0.0,0.157,0.203,1.0,0.0,1.0,1.0
2024-01-14,10,0.0,0.0,0.298,0.702,0.0,0.0,2.0,2.0
2024-01-14,11,0.787,0.0,0.213,0.0,1.0,0.0,1.0,0.0
2024-01-14,12,1.0,0.0,0.0,0.0,1.0,0.0,0.0,0.0
2024-01-14,13,0.613,0.039,0.348,0.0,2.0,1.0,1.0,0.0
2024-01-14,14,0.0,0.0,0.125,0.875,0.0,0.0,1.0,1.0
2024-01-14,15,0.734,0.0,0.157,0.108,1.0,0.0,1.0,1.0
2024-01-14,16,1.0,0.0,0.0,0.0,1.0,0.0,0.0,0.0
2024-01-14,17,1.0,0.0,0.0,0.0,1.0,0.0,0.0,0.0
2024-01-14,18,1.0,0.0,0.0,0.0,1.0,0.0,0.0,0.0
2024-01-14,19,0.554,0.0,0.039,0.407,2.0,0.0,1.0,2.0
2024-01-14,20,0.0,0.0,0.03,0.97,0.0,0.0,1.0,1.0
2024-01-14,21,0.0,0.0,0.521,0.479,0.0,0.0,1.0,1.0
2024-01-14,22,0.731,0.0,0.236,0.033,2.0,0.0,1.0,1.0
2024-01-14,23,1.0,0.0,0.0,0.0,2.0,0.0,0.0,0.0
2024-01-15,0,0.315,0.0,0.0,0.685,1.0,0.0,0.0,1.0
2024-01-15,1,0.466,0.0,0.0,0.534,1.0,0.0,0.0,1.0
2024-01-15,2,0.007,0.0,0.197,0.797,1.0,0.0,1.0,1.0
2024-01-15,3,0.0,0.0,0.59,0.41,0.0,0.0,1.0,2.0
2024-01-15,4,0.082,0.0,0.354,0.564,1.0,0.0,1.0,1.0
2024-01-15,5,0.075,0.0,0.433,0.492,1.0,0.0,2.0,2.0
2024-01-15,6,0.39,0.0,0.433,0.177,1.0,0.0,1.0,1.0
2024-01-15,7,0.436,0.0,0.433,0.131,1.0,0.0,1.0,1.0
2024-01-15,8,0.934,0.0,0.039,0.026,1.0,0.0,1.0,1.0
2024-01-15,9,0.836,0.0,0.0,0.164,1.0,0.0,0.0,1.0
2024-01-15,10,0.0,0.0,0.433,0.567,0.0,0.0,1.0,2.0
2024-01-15,11,0.826,0.0,0.0,0.174,1.0,0.0,0.0,1.0
2024-01-15,12,0.607,0.0,0.315,0.079,2.0,0.0,1.0,1.0
2024-01-15,13,1.0,0.0,0.0,0.0,1.0,0.0,0.0,0.0
2024-01-15,14,0.125,0.079,0.167,0.63,3.0,1.0,2.0,1.0
2024-01-15,15,0.302,0.197,0.423,0.079,2.0,1.0,1.0,1.0
2024-01-15,16,1.0,0.0,0.0,0.0,1.0,0.0,0.0,0.0
2024-01-15,17,0.961,0.039,0.0,0.0,2.0,1.0,0.0,0.0
2024-01-15,18,0.689,0.0,0.039,0.272,2.0,0.0,1.0,1.0
2024-01-15,19,0.0,0.0,0.013,0.987,0.0,0.0,1.0,1.0
2024-01-15,20,0.118,0.0,0.498,0.384,1.0,0.0,2.0,1.0
2024-01-15,21,0.046,0.0,0.236,0.718,1.0,0.0,1.0,1.0
2024-01-15,22,0.151,0.0,0.472,0.377,1.0,0.0,1.0,1.0
2024-01-15,23,0.0,0.0,0.315,0.685,1.0,0.0,1.0,1.0
2024-01-16,0,0.0,0.0,0.748,0.252,0.0,0.0,1.0,1.0
2024-01-16,1,0.0,0.0,0.544,0.456,0.0,0.0,1.0,1.0
2024-01-16,2,0.0,0.0,0.518,0.482,0.0,0.0,1.0,1.0
2024-01-16,3,0.0,0.0,0.852,0.148,0.0,0.0,1.0,1.0
2024-01-16,4,0.0,0.0,1.0,0.0,0.0,0.0,1.0,0.0
2024-01-16,5,0.157,0.0,0.784,0.059,1.0,0.0,2.0,1.0
2024-01-16,6,0.154,0.0,0.275,0.57,1.0,0.0,1.0,1.0
2024-01-16,7,0.921,0.079,0.0,0.0,2.0,1.0,0.0,0.0
2024-01-16,8,0.852,0.148,0.0,0.0,3.0,3.0,0.0,0.0
2024-01-16,9,0.157,0.246,0.0,0.597,1.0,1.0,0.0,1.0
2024-01-16,10,0.18,0.0,0.197,0.623,1.0,0.0,1.0,1.0
2024-01-16,11,0.803,0.079,0.118,0.0,2.0,1.0,1.0,0.0
2024-01-16,12,0.511,0.0,0.118,0.37,1.0,0.0,2.0,2.0
2024-01-16,13,0.348,0.0,0.0,0.652,1.0,0.0,0.0,1.0
2024-01-16,14,0.164,0.0,0.669,0.167,2.0,0.0,2.0,2.0
2024-01-16,15,0.577,0.0,0.0,0.423,1.0,0.0,0.0,1.0
2024-01-16,16,0.961,0.039,0.0,0.0,2.0,1.0,0.0,0.0
2024-01-16,17,0.784,0.0,0.197,0.02,1.0,0.0,1.0,1.0
2024-01-16,18,0.472,0.0,0.197,0.331,1.0,0.0,1.0,2.0
2024-01-16,19,0.0,0.0,0.21,0.79,0.0,0.0,1.0,1.0
2024-01-16,20,0.0,0.0,0.616,0.384,0.0,0.0,1.0,1.0
2024-01-16,21,0.0,0.0,0.754,0.246,0.0,0.0,1.0,1.0
2024-01-16,22,0.0,0.0,0.292,0.708,0.0,0.0,2.0,1.0
2024-01-16,23,0.0,0.0,1.0,0.0,0.0,0.0,2.0,0.0
2024-01-17,0,0.315,0.0,0.095,0.59,1.0,0.0,2.0,1.0
2024-01-17,1,0.0,0.0,0.534,0.466,0.0,0.0,1.0,2.0
2024-01-17,2,0.0,0.0,0.836,0.164,0.0,0.0,1.0,1.0
2024-01-17,3,0.0,0.0,0.266,0.734,0.0,0.0,1.0,1.0
2024-01-17,4,0.043,0.0,0.787,0.17,1.0,0.0,1.0,1.0
2024-01-17,5,0.154,0.0,0.826,0.02,2.0,0.0,2.0,1.0
2024-01-17,6,0.193,0.0,0.393,0.413,1.0,0.0,1.0,1.0
2024-01-17,7,1.0,0.0,0.0,0.0,1.0,0.0,0.0,0.0
2024-01-17,8,0.921,0.079,0.0,0.0,3.0,2.0,0.0,0.0
2024-01-17,9,0.325,0.0,0.0,0.675,1.0,0.0,0.0,1.0
2024-01-17,10,0.669,0.197,0.102,0.033,2.0,2.0,2.0,1.0
2024-01-17,11,0.079,0.0,0.134,0.787,1.0,0.0,1.0,1.0
2024-01-17,12,0.826,0.039,0.134,0.0,2.0,1.0,1.0,0.0
2024-01-17,13,0.433,0.072,0.023,0.472,1.0,1.0,1.0,1.0
2024-01-17,14,0.197,0.007,0.6,0.197,1.0,1.0,2.0,1.0
2024-01-17,15,0.38,0.0,0.148,0.472,1.0,0.0,1.0,1.0
2024-01-17,16,0.921,0.079,0.0,0.0,3.0,2.0,0.0,0.0
2024-01-17,17,1.0,0.0,0.0,0.0,1.0,0.0,0.0,0.0
2024-01-17,18,0.413,0.0,0.354,0.233,3.0,0.0,3.0,1.0
2024-01-17,19,0.0,0.0,0.485,0.515,0.0,0.0,1.0,1.0
2024-01-17,20,0.0,0.0,0.607,0.393,0.0,0.0,2.0,1.0
2024-01-17,21,0.0,0.0,0.561,0.439,0.0,0.0,1.0,1.0
2024-01-17,22,0.0,0.0,0.708,0.292,0.0,0.0,1.0,2.0
2024-01-17,23,0.0,0.0,0.669,0.331,0.0,0.0,2.0,1.0
2024-01-18,0,0.0,0.0,0.331,0.669,0.0,0.0,2.0,1.0
2024-01-18,1,0.0,0.0,0.889,0.111,0.0,0.0,1.0,1.0
2024-01-18,2,0.0,0.0,0.246,0.754,0.0,0.0,2.0,2.0
2024-01-18,3,0.0,0.0,0.921,0.079,0.0,0.0,2.0,1.0
2024-01-18,4,0.003,0.0,0.564,0.433,1.0,0.0,2.0,1.0
2024-01-18,5,0.075,0.0,0.472,0.452,1.0,0.0,1.0,2.0
2024-01-18,6,0.469,0.0,0.433,0.098,1.0,0.0,1.0,1.0
2024-01-18,7,1.0,0.0,0.0,0.0,1.0,0.0,0.0,0.0
2024-01-18,8,0.262,0.0,0.511,0.226,2.0,0.0,2.0,2.0
2024-01-18,9,0.4,0.0,0.157,0.443,2.0,0.0,1.0,1.0
2024-01-18,10,0.449,0.0,0.118,0.433,2.0,0.0,1.0,1.0
2024-01-18,11,0.843,0.0,0.157,0.0,3.0,0.0,2.0,0.0
2024-01-18,12,0.275,0.0,0.079,0.646,1.0,0.0,1.0,1.0
2024-01-18,13,0.426,0.0,0.275,0.298,1.0,0.0,1.0,1.0
2024-01-18,14,0.321,0.079,0.511,0.089,2.0,1.0,1.0,1.0
2024-01-18,15,0.341,0.0,0.315,0.344,2.0,0.0,1.0,1.0
2024-01-18,16,0.882,0.039,0.079,0.0,3.0,1.0,1.0,0.0
2024-01-18,17,0.843,0.157,0.0,0.0,3.0,2.0,0.0,0.0
2024-01-18,18,0.767,0.0,0.157,0.075,1.0,0.0,1.0,1.0
2024-01-18,19,0.0,0.0,0.603,0.397,0.0,0.0,1.0,1.0
2024-01-18,20,0.079,0.0,0.37,0.551,1.0,0.0,3.0,1.0
2024-01-18,21,0.0,0.0,0.725,0.275,0.0,0.0,2.0,1.0
2024-01-18,22,0.0,0.0,0.82,0.18,0.0,0.0,1.0,1.0
2024-01-18,23,0.0,0.0,0.63,0.37,0.0,0.0,2.0,1.0
2024-01-19,0,0.0,0.0,0.489,0.511,0.0,0.0,2.0,1.0
2024-01-19,1,0.039,0.0,0.652,0.308,1.0,0.0,2.0,1.0
2024-01-19,2,0.0,0.0,0.757,0.243,0.0,0.0,1.0,1.0
2024-01-19,3,0.0,0.0,0.698,0.302,0.0,0.0,1.0,1.0
2024-01-19,4,0.0,0.0,0.83,0.17,0.0,0.0,1.0,1.0
2024-01-19,5,0.118,0.0,0.567,0.315,1.0,0.0,3.0,1.0
2024-01-19,6,0.154,0.0,0.57,0.275,1.0,0.0,1.0,1.0
2024-01-19,7,1.0,0.0,0.0,0.0,1.0,0.0,0.0,0.0
2024-01-19,8,0.734,0.0,0.197,0.069,1.0,0.0,1.0,1.0
2024-01-19,9,0.275,0.0,0.4,0.325,2.0,0.0,3.0,1.0
2024-01-19,10,0.0,0.0,0.213,0.787,0.0,0.0,2.0,1.0
2024-01-19,11,0.275,0.0,0.725,0.0,1.0,0.0,1.0,0.0
2024-01-19,12,0.354,0.0,0.134,0.511,1.0,0.0,2.0,1.0
2024-01-19,13,0.348,0.0,0.652,0.0,1.0,0.0,1.0,0.0
2024-01-19,14,0.007,0.0,0.748,0.246,1.0,0.0,2.0,2.0
2024-01-19,15,0.538,0.0,0.118,0.344,1.0,0.0,1.0,1.0
2024-01-19,16,1.0,0.0,0.0,0.0,1.0,0.0,0.0,0.0
2024-01-19,17,0.823,0.0,0.138,0.039,1.0,0.0,1.0,1.0
2024-01-19,18,0.63,0.0,0.138,0.233,1.0,0.0,2.0,1.0
2024-01-19,19,0.0,0.0,0.564,0.436,0.0,0.0,1.0,1.0
2024-01-19,20,0.187,0.0,0.262,0.551,1.0,0.0,2.0,1.0
2024-01-19,21,0.482,0.0,0.118,0.4,1.0,0.0,1.0,1.0
2024-01-19,22,0.039,0.0,0.692,0.269,1.0,0.0,1.0,1.0
2024-01-19,23,0.0,0.0,0.528,0.472,0.0,0.0,3.0,1.0
2024-01-20,0,0.039,0.0,0.708,0.252,1.0,0.0,2.0,1.0
2024-01-20,1,0.0,0.0,0.78,0.22,0.0,0.0,1.0,1.0
2024-01-20,2,0.167,0.0,0.361,0.472,1.0,0.0,1.0,1.0
2024-01-20,3,0.738,0.079,0.066,0.118,2.0,1.0,1.0,1.0
2024-01-20,4,0.0,0.0,0.013,0.987,0.0,0.0,1.0,1.0
2024-01-20,5,0.256,0.0,0.669,0.075,1.0,0.0,1.0,1.0
2024-01-20,6,0.02,0.0,0.433,0.548,1.0,0.0,2.0,2.0
2024-01-20,7,0.525,0.0,0.433,0.043,1.0,0.0,1.0,1.0
2024-01-20,8,0.931,0.0,0.069,0.0,1.0,0.0,1.0,0.0
2024-01-20,9,0.0,0.0,0.134,0.866,0.0,0.0,2.0,1.0
2024-01-20,10,0.967,0.0,0.033,0.0,1.0,0.0,1.0,0.0
2024-01-20,11,0.134,0.0,0.197,0.669,1.0,0.0,1.0,1.0
2024-01-20,12,0.449,0.0,0.511,0.039,1.0,0.0,1.0,1.0
2024-01-20,13,0.685,0.0,0.157,0.157,2.0,0.0,1.0,1.0
2024-01-20,14,0.203,0.0,0.472,0.325,1.0,0.0,2.0,2.0
2024-01-20,15,0.341,0.0,0.0,0.659,1.0,0.0,0.0,1.0
2024-01-20,16,1.0,0.0,0.0,0.0,1.0,0.0,0.0,0.0
2024-01-20,17,1.0,0.0,0.0,0.0,1.0,0.0,0.0,0.0
2024-01-20,18,0.767,0.0,0.118,0.115,1.0,0.0,1.0,1.0
2024-01-20,19,0.0,0.0,0.485,0.515,0.0,0.0,1.0,1.0
2024-01-20,20,0.079,0.0,0.331,0.59,1.0,0.0,3.0,1.0
2024-01-20,21,0.0,0.0,0.836,0.164,0.0,0.0,1.0,1.0
2024-01-20,22,0.118,0.0,0.416,0.466,1.0,0.0,2.0,2.0
2024-01-20,23,0.0,0.0,1.0,0.0,0.0,0.0,2.0,0.0
2024-01-21,0,0.0,0.0,0.449,0.551,0.0,0.0,2.0,1.0
2024-01-21,1,0.0,0.0,1.0,0.0,0.0,0.0,1.0,0.0
2024-01-21,2,0.0,0.0,0.449,0.551,0.0,0.0,2.0,1.0
2024-01-21,3,0.0,0.0,0.974,0.026,0.0,0.0,1.0,1.0
2024-01-21,4,0.0,0.0,0.357,0.643,0.0,0.0,1.0,1.0
2024-01-21,5,0.02,0.039,0.784,0.157,1.0,1.0,2.0,2.0
2024-01-21,6,0.059,0.0,0.941,0.0,1.0,0.0,1.0,0.0
2024-01-21,7,0.8,0.0,0.2,0.0,1.0,0.0,1.0,0.0
2024-01-21,8,0.734,0.0,0.197,0.069,1.0,0.0,1.0,1.0
2024-01-21,9,0.872,0.0,0.0,0.128,1.0,0.0,0.0,1.0
2024-01-21,10,0.387,0.0,0.079,0.534,2.0,0.0,2.0,2.0
2024-01-21,11,0.079,0.0,0.59,0.331,1.0,0.0,1.0,1.0
2024-01-21,12,0.472,0.0,0.252,0.275,1.0,0.0,2.0,1.0
2024-01-21,13,0.551,0.0,0.449,0.0,1.0,0.0,2.0,0.0
2024-01-21,14,0.01,0.0,0.675,0.315,1.0,0.0,2.0,2.0
2024-01-21,15,1.0,0.0,0.0,0.0,1.0,0.0,0.0,0.0
2024-01-21,16,1.0,0.0,0.0,0.0,1.0,0.0,0.0,0.0
2024-01-21,17,1.0,0.0,0.0,0.0,1.0,0.0,0.0,0.0
2024-01-21,18,0.57,0.0,0.039,0.39,1.0,0.0,1.0,1.0
2024-01-21,19,0.0,0.0,0.0,1.0,0.0,0.0,0.0,1.0
2024-01-21,20,0.0,0.0,0.62,0.38,0.0,0.0,1.0,1.0
2024-01-21,21,0.0,0.0,0.449,0.551,0.0,0.0,2.0,1.0
2024-01-21,22,0.062,0.0,0.623,0.315,1.0,0.0,1.0,1.0
2024-01-21,23,0.016,0.0,0.708,0.275,1.0,0.0,2.0,1.0
2024-01-22,0,0.0,0.0,0.41,0.59,0.0,0.0,2.0,2.0
2024-01-22,1,0.0,0.0,0.77,0.23,0.0,0.0,1.0,1.0
2024-01-22,2,0.0,0.0,0.679,0.321,0.0,0.0,1.0,1.0
2024-01-22,3,0.0,0.0,1.0,0.0,0.0,0.0,1.0,0.0
2024-01-22,4,0.079,0.079,0.252,0.59,1.0,1.0,3.0,1.0
2024-01-22,5,0.0,0.0,0.744,0.256,0.0,0.0,1.0,1.0
2024-01-22,6,0.036,0.0,0.669,0.295,1.0,0.0,3.0,3.0
2024-01-22,7,1.0,0.0,0.0,0.0,1.0,0.0,0.0,0.0
2024-01-22,8,1.0,0.0,0.0,0.0,1.0,0.0,0.0,0.0
2024-01-22,9,0.561,0.0,0.079,0.361,1.0,0.0,1.0,1.0
2024-01-22,10,0.416,0.0,0.0,0.584,1.0,0.0,0.0,1.0
2024-01-22,11,0.843,0.0,0.157,0.0,3.0,0.0,2.0,0.0
2024-01-22,12,0.134,0.0,0.157,0.708,2.0,0.0,1.0,1.0
2024-01-22,13,0.843,0.0,0.157,0.0,2.0,0.0,1.0,0.0
2024-01-22,14,0.361,0.039,0.128,0.472,3.0,1.0,2.0,1.0
2024-01-22,15,0.0,0.0,0.541,0.459,0.0,0.0,2.0,2.0
2024-01-22,16,0.83,0.0,0.0,0.17,1.0,0.0,0.0,1.0
2024-01-22,17,0.921,0.079,0.0,0.0,2.0,1.0,0.0,0.0
2024-01-22,18,0.728,0.0,0.079,0.193,1.0,0.0,1.0,1.0
2024-01-22,19,0.0,0.0,0.328,0.672,0.0,0.0,1.0,1.0
2024-01-22,20,0.0,0.0,0.459,0.541,0.0,0.0,1.0,1.0
2024-01-22,21,0.0,0.0,0.708,0.292,0.0,0.0,1.0,2.0
2024-01-22,22,0.22,0.0,0.393,0.387,2.0,0.0,2.0,1.0
2024-01-22,23,0.056,0.0,0.944,0.0,1.0,0.0,1.0,1.0
2024-01-23,0,0.079,0.0,0.331,0.59,1.0,0.0,3.0,1.0
2024-01-23,1,0.157,0.0,0.574,0.269,2.0,0.0,3.0,1.0
2024-01-23,2,0.0,0.0,0.718,0.282,0.0,0.0,1.0,1.0
2024-01-23,3,0.0,0.0,1.0,0.0,0.0,0.0,1.0,0.0
2024-01-23,4,0.039,0.039,0.331,0.59,1.0,1.0,3.0,1.0
2024-01-23,5,0.236,0.0,0.764,0.0,1.0,0.0,2.0,0.0
2024-01-23,6,0.272,0.0,0.728,0.0,2.0,0.0,1.0,0.0
2024-01-23,7,0.961,0.039,0.0,0.0,2.0,1.0,0.0,0.0
2024-01-23,8,0.184,0.816,0.0,0.0,1.0,1.0,0.0,0.0
2024-01-23,9,0.393,0.167,0.321,0.118,2.0,3.0,4.0,1.0
2024-01-23,10,0.197,0.118,0.466,0.22,2.0,2.0,2.0,2.0
2024-01-23,11,0.59,0.0,0.236,0.174,2.0,0.0,2.0,2.0
2024-01-23,12,0.213,0.0,0.0,0.787,1.0,0.0,0.0,1.0
2024-01-23,13,0.692,0.0,0.157,0.151,1.0,0.0,1.0,1.0
2024-01-23,14,0.315,0.0,0.354,0.331,1.0,0.0,1.0,2.0
2024-01-23,15,0.0,0.0,0.708,0.292,0.0,0.0,1.0,2.0
2024-01-23,16,0.633,0.039,0.039,0.289,2.0,1.0,1.0,1.0
2024-01-23,17,1.0,0.0,0.0,0.0,1.0,0.0,0.0,0.0
2024-01-23,18,0.492,0.0,0.272,0.236,3.0,0.0,3.0,1.0
2024-01-23,19,0.0,0.0,0.213,0.787,0.0,0.0,2.0,1.0
2024-01-23,20,0.0,0.0,0.538,0.462,0.0,0.0,1.0,1.0
2024-01-23,21,0.203,0.0,0.551,0.246,1.0,0.0,2.0,2.0
2024-01-23,22,0.623,0.0,0.259,0.118,2.0,0.0,2.0,1.0
2024-01-23,23,0.0,0.0,0.213,0.787,0.0,0.0,3.0,1.0
2024-01-24,0,0.0,0.0,1.0,0.0,0.0,0.0,1.0,0.0
2024-01-24,1,0.0,0.0,0.574,0.426,0.0,0.0,1.0,1.0
2024-01-24,2,0.797,0.0,0.0,0.203,1.0,0.0,0.0,1.0
2024-01-24,3,0.226,0.0,0.118,0.656,1.0,0.0,1.0,2.0
2024-01-24,4,0.0,0.0,0.593,0.407,0.0,0.0,1.0,1.0
2024-01-24,5,0.118,0.039,0.843,0.0,1.0,1.0,2.0,0.0
2024-01-24,6,0.0,0.0,0.489,0.511,0.0,0.0,2.0,1.0
2024-01-24,7,0.603,0.0,0.397,0.0,1.0,0.0,1.0,0.0
2024-01-24,8,1.0,0.0,0.0,0.0,1.0,0.0,0.0,0.0
2024-01-24,9,0.246,0.079,0.669,0.007,1.0,1.0,1.0,1.0
2024-01-24,10,0.77,0.0,0.0,0.23,1.0,0.0,0.0,1.0
2024-01-24,11,0.449,0.0,0.157,0.393,1.0,0.0,1.0,1.0
2024-01-24,12,0.393,0.0,0.275,0.331,1.0,0.0,1.0,2.0
2024-01-24,13,0.0,0.0,0.308,0.692,0.0,0.0,1.0,1.0
2024-01-24,14,0.236,0.039,0.567,0.157,2.0,1.0,3.0,1.0
2024-01-24,15,0.0,0.0,0.659,0.341,0.0,0.0,2.0,2.0
2024-01-24,16,0.866,0.043,0.0,0.092,1.0,1.0,0.0,1.0
2024-01-24,17,0.63,0.37,0.0,0.0,3.0,4.0,0.0,0.0
2024-01-24,18,0.551,0.059,0.157,0.233,2.0,1.0,2.0,1.0
2024-01-24,19,0.0,0.0,0.0,1.0,0.0,0.0,0.0,1.0
2024-01-24,20,0.0,0.0,0.787,0.213,0.0,0.0,1.0,2.0
2024-01-24,21,0.715,0.0,0.0,0.285,2.0,0.0,0.0,2.0
2024-01-24,22,0.111,0.0,0.157,0.731,1.0,0.0,1.0,1.0
2024-01-24,23,0.0,0.0,0.708,0.292,0.0,0.0,2.0,1.0
2024-01-25,0,0.41,0.079,0.275,0.236,3.0,1.0,2.0,1.0
2024-01-25,1,0.18,0.0,0.236,0.584,2.0,0.0,2.0,1.0
2024-01-25,2,0.0,0.0,0.561,0.439,0.0,0.0,1.0,1.0
2024-01-25,3,0.0,0.0,0.62,0.38,0.0,0.0,1.0,1.0
2024-01-25,4,0.0,0.0,0.751,0.249,0.0,0.0,2.0,2.0
2024-01-25,5,0.157,0.0,0.843,0.0,1.0,0.0,2.0,0.0
2024-01-25,6,0.0,0.0,0.492,0.508,0.0,0.0,1.0,1.0
2024-01-25,7,0.944,0.0,0.013,0.043,1.0,0.0,1.0,1.0
2024-01-25,8,0.039,0.0,0.961,0.0,1.0,0.0,2.0,0.0
2024-01-25,9,0.197,0.0,0.803,0.0,1.0,0.0,2.0,0.0
2024-01-25,10,0.416,0.197,0.387,0.0,3.0,2.0,1.0,0.0
2024-01-25,11,0.764,0.157,0.0,0.079,3.0,1.0,0.0,1.0
2024-01-25,12,0.826,0.0,0.0,0.174,1.0,0.0,0.0,1.0
2024-01-25,13,0.426,0.0,0.079,0.495,2.0,0.0,1.0,1.0
2024-01-25,14,0.085,0.0,0.826,0.089,1.0,0.0,2.0,2.0
2024-01-25,15,0.105,0.0,0.275,0.62,1.0,0.0,1.0,1.0
2024-01-25,16,1.0,0.0,0.0,0.0,1.0,0.0,0.0,0.0
2024-01-25,17,1.0,0.0,0.0,0.0,1.0,0.0,0.0,0.0
2024-01-25,18,0.689,0.0,0.197,0.115,2.0,0.0,2.0,1.0
2024-01-25,19,0.0,0.0,0.0,1.0,0.0,0.0,0.0,1.0
2024-01-25,20,0.0,0.0,0.669,0.331,0.0,0.0,1.0,2.0
2024-01-25,21,0.0,0.0,0.203,0.797,0.0,0.0,1.0,1.0
2024-01-25,22,0.0,0.0,0.82,0.18,0.0,0.0,2.0,2.0
2024-01-25,23,0.0,0.0,0.354,0.646,0.0,0.0,2.0,1.0
2024-01-26,0,0.118,0.0,0.511,0.37,1.0,0.0,2.0,2.0
2024-01-26,1,0.0,0.0,0.466,0.534,0.0,0.0,1.0,1.0
2024-01-26,2,0.0,0.0,1.0,0.0,0.0,0.0,1.0,0.0
2024-01-26,3,0.105,0.0,0.344,0.551,1.0,0.0,1.0,1.0
2024-01-26,4,0.328,0.0,0.672,0.0,1.0,0.0,1.0,0.0
2024-01-26,5,0.039,0.079,0.784,0.098,1.0,1.0,3.0,2.0
2024-01-26,6,0.272,0.0,0.275,0.452,1.0,0.0,1.0,1.0
2024-01-26,7,1.0,0.0,0.0,0.0,1.0,0.0,0.0,0.0
2024-01-26,8,0.921,0.0,0.079,0.0,2.0,0.0,1.0,0.0
2024-01-26,9,0.285,0.0,0.118,0.597,1.0,0.0,1.0,1.0
2024-01-26,10,0.692,0.0,0.0,0.308,1.0,0.0,0.0,1.0
2024-01-26,11,0.528,0.0,0.275,0.197,2.0,0.0,2.0,1.0
2024-01-26,12,0.921,0.0,0.0,0.079,2.0,0.0,0.0,1.0
2024-01-26,13,0.77,0.039,0.079,0.111,2.0,1.0,1.0,1.0
2024-01-26,14,0.393,0.0,0.197,0.41,2.0,0.0,2.0,2.0
2024-01-26,15,0.341,0.0,0.0,0.659,1.0,0.0,0.0,1.0
2024-01-26,16,0.961,0.039,0.0,0.0,2.0,1.0,0.0,0.0
2024-01-26,17,0.882,0.0,0.118,0.0,2.0,0.0,1.0,0.0
2024-01-26,18,0.767,0.0,0.118,0.115,2.0,0.0,2.0,1.0
2024-01-26,19,0.0,0.0,0.0,1.0,0.0,0.0,0.0,1.0
2024-01-26,20,0.0,0.0,0.502,0.498,0.0,0.0,2.0,2.0
2024-01-26,21,0.0,0.0,0.325,0.675,0.0,0.0,1.0,1.0
2024-01-26,22,0.0,0.0,0.748,0.252,0.0,0.0,1.0,2.0
2024-01-26,23,0.197,0.0,0.354,0.449,1.0,0.0,2.0,1.0
2024-01-27,0,0.275,0.0,0.315,0.41,1.0,0.0,2.0,1.0
2024-01-27,1,0.0,0.0,0.702,0.298,0.0,0.0,1.0,1.0
2024-01-27,2,0.0,0.0,0.675,0.325,0.0,0.0,1.0,1.0
2024-01-27,3,0.0,0.0,0.538,0.462,0.0,0.0,1.0,1.0
2024-01-27,4,0.0,0.0,1.0,0.0,0.0,0.0,1.0,0.0
2024-01-27,5,0.197,0.0,0.803,0.0,1.0,0.0,2.0,0.0
2024-01-27,6,0.0,0.0,0.725,0.275,0.0,0.0,2.0,1.0
2024-01-27,7,0.8,0.079,0.043,0.079,2.0,1.0,2.0,1.0
2024-01-27,8,0.774,0.0,0.226,0.0,1.0,0.0,1.0,0.0
2024-01-27,9,0.164,0.0,0.482,0.354,1.0,0.0,2.0,1.0
2024-01-27,10,0.803,0.039,0.157,0.0,4.0,1.0,2.0,0.0
2024-01-27,11,1.0,0.0,0.0,0.0,1.0,0.0,0.0,0.0
2024-01-27,12,0.118,0.0,0.079,0.803,1.0,0.0,1.0,1.0
2024-01-27,13,0.236,0.0,0.584,0.18,1.0,0.0,2.0,1.0
2024-01-27,14,0.0,0.0,0.882,0.118,0.0,0.0,2.0,1.0
2024-01-27,15,0.616,0.0,0.226,0.157,1.0,0.0,1.0,1.0
2024-01-27,16,1.0,0.0,0.0,0.0,1.0,0.0,0.0,0.0
2024-01-27,17,0.882,0.118,0.0,0.0,3.0,2.0,0.0,0.0
2024-01-27,18,0.57,0.0,0.079,0.351,2.0,0.0,1.0,2.0
2024-01-27,19,0.0,0.0,0.092,0.908,0.0,0.0,1.0,1.0
2024-01-27,20,0.0,0.0,0.42,0.58,0.0,0.0,1.0,1.0
2024-01-27,21,0.125,0.0,0.393,0.482,1.0,0.0,1.0,1.0
2024-01-27,22,0.348,0.0,0.118,0.534,1.0,0.0,1.0,1.0
2024-01-27,23,0.0,0.0,0.905,0.095,0.0,0.0,2.0,1.0
2024-01-28,0,0.489,0.0,0.0,0.511,1.0,0.0,0.0,1.0
2024-01-28,1,0.22,0.0,0.275,0.505,1.0,0.0,1.0,1.0
2024-01-28,2,0.0,0.0,0.875,0.125,0.0,0.0,1.0,1.0
2024-01-28,3,0.0,0.0,0.58,0.42,0.0,0.0,1.0,1.0
2024-01-28,4,0.0,0.0,0.869,0.131,0.0,0.0,1.0,1.0
2024-01-28,5,0.02,0.118,0.154,0.708,1.0,1.0,2.0,1.0
2024-01-28,6,0.059,0.0,0.941,0.0,1.0,0.0,1.0,0.0
2024-01-28,7,0.407,0.0,0.593,0.0,1.0,0.0,1.0,0.0
2024-01-28,8,0.961,0.039,0.0,0.0,2.0,1.0,0.0,0.0
2024-01-28,9,0.954,0.0,0.046,0.0,1.0,0.0,1.0,0.0
2024-01-28,10,0.708,0.0,0.072,0.22,1.0,0.0,2.0,1.0
2024-01-28,11,0.0,0.0,0.0,1.0,1.0,0.0,0.0,1.0
2024-01-28,12,0.669,0.0,0.118,0.213,2.0,0.0,2.0,1.0
2024-01-28,13,0.0,0.0,0.426,0.574,0.0,0.0,2.0,2.0
2024-01-28,14,0.354,0.0,0.646,0.0,1.0,0.0,2.0,0.0
2024-01-28,15,0.184,0.0,0.344,0.472,1.0,0.0,2.0,1.0
2024-01-28,16,0.843,0.157,0.0,0.0,3.0,2.0,0.0,0.0
2024-01-28,17,0.803,0.118,0.079,0.0,3.0,1.0,1.0,0.0
2024-01-28,18,0.452,0.118,0.039,0.39,3.0,2.0,1.0,2.0
2024-01-28,19,0.0,0.0,0.0,1.0,0.0,0.0,0.0,1.0
2024-01-28,20,0.069,0.0,0.433,0.498,1.0,0.0,1.0,2.0
2024-01-28,21,0.639,0.236,0.039,0.085,4.0,3.0,1.0,1.0
2024-01-28,22,0.0,0.0,0.22,0.78,0.0,0.0,1.0,1.0
2024-01-28,23,0.118,0.0,0.528,0.354,1.0,0.0,2.0,2.0
2024-01-30,0,0.0,0.0,0.826,0.174,0.0,0.0,1.0,1.0
2024-01-30,1,0.0,0.0,0.741,0.259,0.0,0.0,1.0,1.0
2024-01-30,2,0.0,0.0,0.715,0.285,0.0,0.0,2.0,2.0
2024-01-30,3,0.0,0.0,0.97,0.03,0.0,0.0,1.0,1.0
2024-01-30,4,0.0,0.0,0.449,0.551,0.0,0.0,2.0,1.0
2024-01-30,5,0.0,0.079,0.921,0.0,0.0,1.0,2.0,0.0
2024-01-30,6,0.39,0.0,0.61,0.0,1.0,0.0,1.0,0.0
2024-01-30,7,1.0,0.0,0.0,0.0,1.0,0.0,0.0,0.0
2024-01-30,8,0.538,0.0,0.039,0.423,1.0,0.0,1.0,1.0
2024-01-30,9,0.321,0.0,0.551,0.128,1.0,0.0,1.0,1.0
2024-01-30,10,0.882,0.039,0.079,0.0,3.0,1.0,1.0,0.0
2024-01-30,11,0.607,0.079,0.0,0.315,3.0,1.0,1.0,1.0
2024-01-30,12,0.59,0.039,0.157,0.213,2.0,1.0,2.0,1.0
2024-01-30,13,0.236,0.0,0.236,0.528,1.0,0.0,2.0,2.0
2024-01-30,14,0.118,0.0,0.354,0.528,1.0,0.0,1.0,2.0
2024-01-30,15,0.184,0.0,0.197,0.62,1.0,0.0,1.0,1.0
2024-01-30,16,1.0,0.0,0.0,0.0,1.0,0.0,0.0,0.0
2024-01-30,17,1.0,0.0,0.0,0.0,1.0,0.0,0.0,0.0
2024-01-30,18,0.885,0.075,0.039,0.0,2.0,1.0,1.0,0.0
2024-01-30,19,0.0,0.082,0.354,0.564,0.0,2.0,2.0,2.0
2024-01-30,20,0.0,0.0,0.108,0.892,0.0,0.0,1.0,1.0
2024-01-30,21,0.354,0.0,0.364,0.282,2.0,0.0,3.0,1.0
2024-01-30,22,0.0,0.0,0.692,0.308,0.0,0.0,1.0,1.0
2024-01-30,23,0.0,0.0,0.528,0.472,0.0,0.0,2.0,1.0
2024-01-31,0,0.0,0.0,0.905,0.095,0.0,0.0,1.0,2.0
2024-01-31,1,0.0,0.0,0.23,0.77,0.0,0.0,1.0,1.0
2024-01-31,2,0.0,0.0,0.833,0.167,0.0,0.0,1.0,1.0
2024-01-31,3,0.0,0.0,0.656,0.344,0.0,0.0,1.0,1.0
2024-01-31,4,0.0,0.0,0.328,0.672,0.0,0.0,1.0,1.0
2024-01-31,5,0.0,0.0,0.925,0.075,0.0,0.0,1.0,1.0
2024-01-31,6,0.154,0.0,0.689,0.157,2.0,0.0,3.0,1.0
2024-01-31,7,1.0,0.0,0.0,0.0,1.0,0.0,0.0,0.0
2024-01-31,8,0.144,0.0,0.63,0.226,1.0,0.0,1.0,1.0
2024-01-31,9,0.4,0.0,0.511,0.089,1.0,0.0,1.0,1.0
2024-01-31,10,1.0,0.0,0.0,0.0,1.0,0.0,0.0,0.0
2024-01-31,11,0.803,0.0,0.197,0.0,3.0,0.0,2.0,0.0
2024-01-31,12,0.59,0.0,0.0,0.41,1.0,0.0,0.0,1.0
2024-01-31,13,0.78,0.0,0.0,0.22,1.0,0.0,0.0,1.0
2024-01-31,14,0.164,0.0,0.551,0.285,1.0,0.0,3.0,3.0
2024-01-31,15,0.38,0.0,0.039,0.58,1.0,0.0,1.0,1.0
2024-01-31,16,0.921,0.079,0.0,0.0,2.0,1.0,0.0,0.0
2024-01-31,17,0.882,0.118,0.0,0.0,2.0,1.0,0.0,0.0
2024-01-31,18,0.728,0.0,0.118,0.154,1.0,0.0,1.0,1.0
2024-01-31,19,0.0,0.0,0.315,0.685,0.0,0.0,1.0,2.0
2024-01-31,20,0.0,0.0,0.502,0.498,0.0,0.0,1.0,1.0
2024-01-31,21,0.0,0.0,0.252,0.748,0.0,0.0,2.0,1.0
2024-01-31,22,0.652,0.0,0.348,0.0,1.0,0.0,1.0,0.0
2024-01-31,23,0.646,0.0,0.039,0.315,1.0,0.0,1.0,2.0
2024-02-01,0,0.393,0.0,0.157,0.449,2.0,0.0,3.0,2.0
2024-02-01,1,0.0,0.0,0.426,0.574,0.0,0.0,1.0,1.0
2024-02-01,2,0.0,0.0,0.174,0.826,0.0,0.0,2.0,1.0
2024-02-01,3,0.0,0.0,0.698,0.302,0.0,0.0,1.0,2.0
2024-02-01,4,0.118,0.0,0.279,0.603,1.0,0.0,2.0,1.0
2024-02-01,5,0.0,0.0,0.43,0.57,0.0,0.0,1.0,1.0
2024-02-01,6,0.39,0.0,0.551,0.059,1.0,0.0,1.0,1.0
2024-02-01,7,1.0,0.0,0.0,0.0,1.0,0.0,0.0,0.0
2024-02-01,8,0.961,0.0,0.039,0.0,2.0,0.0,1.0,0.0
2024-02-01,9,0.01,0.0,0.243,0.748,1.0,0.0,2.0,1.0
2024-02-01,10,0.259,0.118,0.505,0.118,2.0,1.0,1.0,1.0
2024-02-01,11,0.921,0.039,0.039,0.0,2.0,1.0,1.0,0.0
2024-02-01,12,0.0,0.0,0.331,0.669,0.0,0.0,2.0,1.0
2024-02-01,13,0.393,0.0,0.607,0.0,2.0,0.0,3.0,0.0
2024-02-01,14,0.236,0.0,0.321,0.443,2.0,0.0,3.0,2.0
2024-02-01,15,0.262,0.0,0.0,0.738,1.0,0.0,0.0,1.0
2024-02-01,16,1.0,0.0,0.0,0.0,1.0,0.0,0.0,0.0
2024-02-01,17,1.0,0.0,0.0,0.0,1.0,0.0,0.0,0.0
2024-02-01,18,0.725,0.079,0.039,0.157,2.0,1.0,1.0,1.0
2024-02-01,19,0.082,0.0,0.039,0.879,1.0,0.0,1.0,1.0
2024-02-01,20,0.0,0.0,0.58,0.42,0.0,0.0,1.0,1.0
2024-02-01,21,0.125,0.0,0.285,0.59,1.0,0.0,2.0,1.0
2024-02-01,22,0.741,0.0,0.0,0.259,1.0,0.0,0.0,1.0
2024-02-01,23,0.0,0.0,0.079,0.921,0.0,0.0,1.0,2.0
2024-02-02,0,0.0,0.0,0.551,0.449,0.0,0.0,1.0,1.0
2024-02-02,1,0.0,0.0,0.551,0.449,0.0,0.0,1.0,2.0
2024-02-02,2,0.0,0.0,0.403,0.597,0.0,0.0,2.0,2.0
2024-02-02,3,0.118,0.0,0.541,0.341,1.0,0.0,2.0,1.0
2024-02-02,4,0.121,0.0,0.472,0.407,2.0,0.0,2.0,1.0
2024-02-02,5,0.036,0.0,0.511,0.452,1.0,0.0,1.0,1.0
2024-02-02,6,0.902,0.0,0.0,0.098,1.0,0.0,0.0,1.0
2024-02-02,7,0.043,0.0,0.511,0.446,1.0,0.0,2.0,2.0
2024-02-02,8,0.148,0.0,0.826,0.026,1.0,0.0,1.0,1.0
2024-02-02,9,0.961,0.039,0.0,0.0,2.0,1.0,0.0,0.0
2024-02-02,10,1.0,0.0,0.0,0.0,1.0,0.0,0.0,0.0
2024-02-02,11,0.331,0.0,0.079,0.59,1.0,0.0,1.0,1.0
2024-02-02,12,0.275,0.0,0.725,0.0,1.0,0.0,2.0,0.0
2024-02-02,13,0.157,0.0,0.141,0.702,1.0,0.0,2.0,1.0
2024-02-02,14,0.315,0.0,0.236,0.449,2.0,0.0,2.0,3.0
2024-02-02,15,0.0,0.0,0.498,0.502,0.0,0.0,1.0,1.0
2024-02-02,16,0.711,0.0,0.131,0.157,1.0,0.0,1.0,1.0
2024-02-02,17,0.961,0.039,0.0,0.0,2.0,1.0,0.0,0.0
2024-02-02,18,0.807,0.0,0.0,0.193,1.0,0.0,0.0,1.0
2024-02-02,19,0.079,0.0,0.315,0.607,1.0,0.0,1.0,2.0
2024-02-02,20,0.0,0.0,0.187,0.813,0.0,0.0,1.0,1.0
2024-02-02,21,0.0,0.0,0.364,0.636,0.0,0.0,1.0,1.0
2024-02-02,22,0.236,0.0,0.315,0.449,1.0,0.0,1.0,2.0
2024-02-02,23,0.354,0.0,0.393,0.252,1.0,0.0,3.0,3.0
2024-02-03,0,0.039,0.0,0.292,0.669,1.0,0.0,2.0,2.0
2024-02-03,1,0.0,0.0,0.692,0.308,0.0,0.0,1.0,1.0
2024-02-03,2,0.0,0.0,0.6,0.4,0.0,0.0,1.0,1.0
2024-02-03,3,0.0,0.0,0.449,0.551,0.0,0.0,2.0,1.0
2024-02-03,4,0.0,0.0,0.843,0.157,0.0,0.0,3.0,2.0
2024-02-03,5,0.216,0.0,0.43,0.354,1.0,0.0,1.0,1.0
2024-02-03,6,0.02,0.0,0.98,0.0,1.0,0.0,1.0,0.0
2024-02-03,7,0.721,0.0,0.279,0.0,1.0,0.0,1.0,0.0
2024-02-03,8,1.0,0.0,0.0,0.0,1.0,0.0,0.0,0.0
2024-02-03,9,0.961,0.039,0.0,0.0,2.0,1.0,0.0,0.0
2024-02-03,10,0.37,0.0,0.039,0.59,2.0,0.0,1.0,1.0
2024-02-03,11,1.0,0.0,0.0,0.0,1.0,0.0,0.0,0.0
2024-02-03,12,0.449,0.551,0.0,0.0,3.0,3.0,0.0,0.0
2024-02-03,13,0.22,0.0,0.348,0.433,2.0,0.0,2.0,1.0
2024-02-03,14,0.167,0.0,0.282,0.551,1.0,0.0,1.0,1.0
2024-02-03,15,1.0,0.0,0.0,0.0,1.0,0.0,0.0,0.0
2024-02-03,16,1.0,0.0,0.0,0.0,1.0,0.0,0.0,0.0
2024-02-03,17,0.961,0.039,0.0,0.0,2.0,1.0,0.0,0.0
2024-02-03,18,0.02,0.748,0.154,0.079,1.0,2.0,3.0,1.0
2024-02-03,19,0.0,0.0,0.082,0.918,0.0,0.0,1.0,1.0
2024-02-03,20,0.079,0.0,0.315,0.607,1.0,0.0,1.0,2.0
2024-02-03,21,0.0,0.0,0.551,0.449,0.0,0.0,1.0,2.0
2024-02-03,22,0.102,0.0,0.197,0.702,1.0,0.0,1.0,1.0
2024-02-03,23,0.921,0.0,0.039,0.039,2.0,0.0,1.0,2.0
2024-02-04,0,0.134,0.0,0.354,0.511,1.0,0.0,4.0,4.0
2024-02-04,1,0.023,0.0,0.708,0.269,1.0,0.0,1.0,1.0
2024-02-04,2,0.0,0.0,0.915,0.085,0.0,0.0,2.0,2.0
2024-02-04,3,0.0,0.0,0.41,0.59,0.0,0.0,2.0,1.0
2024-02-04,4,0.0,0.0,0.449,0.551,0.0,0.0,2.0,1.0
2024-02-04,5,0.118,0.0,0.882,0.0,1.0,0.0,2.0,0.0
2024-02-04,6,0.0,0.0,1.0,0.0,0.0,0.0,1.0,0.0
2024-02-04,7,0.603,0.0,0.318,0.079,1.0,0.0,2.0,1.0
2024-02-04,8,1.0,0.0,0.0,0.0,1.0,0.0,0.0,0.0
2024-02-04,9,1.0,0.0,0.0,0.0,1.0,0.0,0.0,0.0
2024-02-04,10,1.0,0.0,0.0,0.0,1.0,0.0,0.0,0.0
2024-02-04,11,0.41,0.0,0.0,0.59,2.0,0.0,0.0,1.0
2024-02-04,12,0.961,0.0,0.0,0.039,2.0,0.0,0.0,1.0
2024-02-04,13,0.213,0.0,0.275,0.511,3.0,0.0,3.0,1.0
2024-02-04,14,0.125,0.0,0.354,0.521,1.0,0.0,1.0,1.0
2024-02-04,15,0.459,0.0,0.275,0.266,1.0,0.0,1.0,1.0
2024-02-04,16,1.0,0.0,0.0,0.0,1.0,0.0,0.0,0.0
2024-02-04,17,1.0,0.0,0.0,0.0,1.0,0.0,0.0,0.0
2024-02-04,18,0.334,0.275,0.0,0.39,2.0,3.0,0.0,1.0
2024-02-04,19,0.0,0.0,0.289,0.711,0.0,0.0,1.0,1.0
2024-02-04,20,0.0,0.0,0.607,0.393,0.0,0.0,2.0,1.0
2024-02-04,21,0.0,0.0,0.364,0.636,0.0,0.0,1.0,1.0
2024-02-04,22,0.118,0.0,0.551,0.331,1.0,0.0,2.0,2.0
2024-02-04,23,0.0,0.0,0.0,1.0,0.0,0.0,0.0,2.0
2024-02-05,0,0.0,0.0,0.921,0.079,0.0,0.0,1.0,1.0
2024-02-05,1,0.039,0.0,0.567,0.393,1.0,0.0,3.0,2.0
2024-02-05,2,0.0,0.0,0.764,0.236,0.0,0.0,3.0,1.0
2024-02-05,3,0.0,0.0,1.0,0.0,0.0,0.0,1.0,0.0
2024-02-05,4,0.082,0.0,0.839,0.079,1.0,0.0,2.0,1.0
2024-02-05,5,0.075,0.039,0.866,0.02,1.0,1.0,1.0,1.0
2024-02-05,6,0.075,0.0,0.708,0.216,1.0,0.0,2.0,2.0
2024-02-05,7,1.0,0.0,0.0,0.0,1.0,0.0,0.0,0.0
2024-02-05,8,0.921,0.079,0.0,0.0,2.0,1.0,0.0,0.0
2024-02-05,9,0.207,0.0,0.518,0.275,2.0,0.0,4.0,2.0
2024-02-05,10,0.59,0.0,0.41,0.0,1.0,0.0,2.0,0.0
2024-02-05,11,0.511,0.0,0.016,0.472,1.0,0.0,1.0,1.0
2024-02-05,12,0.843,0.0,0.157,0.0,2.0,0.0,1.0,0.0
2024-02-05,13,0.889,0.033,0.0,0.079,2.0,1.0,0.0,1.0
2024-02-05,14,0.039,0.007,0.551,0.403,1.0,1.0,2.0,3.0
2024-02-05,15,0.184,0.0,0.0,0.816,1.0,0.0,0.0,1.0
2024-02-05,16,1.0,0.0,0.0,0.0,1.0,0.0,0.0,0.0
2024-02-05,17,1.0,0.0,0.0,0.0,1.0,0.0,0.0,0.0
2024-02-05,18,0.725,0.0,0.039,0.236,3.0,0.0,1.0,1.0
2024-02-05,19,0.161,0.0,0.315,0.525,2.0,0.0,2.0,1.0
2024-02-05,20,0.0,0.0,0.511,0.489,0.0,0.0,1.0,2.0
2024-02-05,21,0.393,0.0,0.315,0.292,1.0,0.0,1.0,2.0
2024-02-05,22,0.669,0.0,0.039,0.292,1.0,0.0,1.0,2.0
2024-02-05,23,0.0,0.0,0.472,0.528,0.0,0.0,2.0,3.0
2024-02-06,0,0.0,0.0,0.315,0.685,0.0,0.0,2.0,2.0
2024-02-06,1,0.662,0.0,0.315,0.023,1.0,0.0,1.0,1.0
2024-02-06,2,0.675,0.0,0.039,0.285,2.0,0.0,1.0,1.0
2024-02-06,3,0.0,0.0,0.302,0.698,0.0,0.0,1.0,1.0
2024-02-06,4,0.039,0.0,0.528,0.433,1.0,0.0,3.0,1.0
2024-02-06,5,0.0,0.0,0.39,0.61,0.0,0.0,1.0,1.0
2024-02-06,6,0.272,0.0,0.669,0.059,1.0,0.0,1.0,1.0
2024-02-06,7,1.0,0.0,0.0,0.0,1.0,0.0,0.0,0.0
2024-02-06,8,1.0,0.0,0.0,0.0,1.0,0.0,0.0,0.0
2024-02-06,9,0.246,0.0,0.0,0.754,2.0,0.0,0.0,2.0
2024-02-06,10,0.0,0.0,0.574,0.426,0.0,0.0,1.0,1.0
2024-02-06,11,0.905,0.0,0.056,0.039,1.0,0.0,1.0,1.0
2024-02-06,12,0.63,0.0,0.079,0.292,1.0,0.0,1.0,1.0
2024-02-06,13,0.23,0.0,0.433,0.338,1.0,0.0,1.0,1.0
2024-02-06,14,0.164,0.0,0.157,0.679,1.0,0.0,1.0,1.0
2024-02-06,15,0.498,0.0,0.433,0.069,1.0,0.0,1.0,1.0
2024-02-06,16,0.682,0.0,0.315,0.003,1.0,0.0,1.0,1.0
2024-02-06,17,0.767,0.0,0.0,0.233,1.0,0.0,0.0,1.0
2024-02-06,18,0.649,0.0,0.315,0.036,1.0,0.0,1.0,1.0
2024-02-06,19,0.0,0.0,0.17,0.83,0.0,0.0,1.0,1.0
2024-02-06,20,0.0,0.0,0.42,0.58,0.0,0.0,1.0,1.0
2024-02-06,21,0.046,0.0,0.748,0.207,1.0,0.0,2.0,2.0
2024-02-06,22,0.269,0.0,0.731,0.0,1.0,0.0,1.0,0.0
2024-02-06,23,0.0,0.0,0.725,0.275,0.0,0.0,3.0,1.0
2024-02-07,0,0.157,0.0,0.511,0.331,2.0,0.0,3.0,1.0
2024-02-07,1,0.0,0.0,0.78,0.22,0.0,0.0,1.0,1.0
2024-02-07,2,0.0,0.0,0.4,0.6,0.0,0.0,1.0,1.0
2024-02-07,3,0.0,0.0,0.892,0.108,0.0,0.0,1.0,1.0
2024-02-07,4,0.079,0.0,0.564,0.357,1.0,0.0,3.0,2.0
2024-02-07,5,0.0,0.0,0.57,0.43,0.0,0.0,1.0,1.0
2024-02-07,6,0.941,0.0,0.059,0.0,1.0,0.0,1.0,0.0
2024-02-07,7,0.882,0.118,0.0,0.0,2.0,1.0,0.0,0.0
2024-02-07,8,0.498,0.0,0.118,0.384,1.0,0.0,1.0,1.0
2024-02-07,9,0.715,0.0,0.0,0.285,1.0,0.0,0.0,1.0
2024-02-07,10,1.0,0.0,0.0,0.0,1.0,0.0,0.0,0.0
2024-02-07,11,0.961,0.0,0.039,0.0,1.0,0.0,1.0,0.0
2024-02-07,12,0.252,0.0,0.197,0.551,1.0,0.0,1.0,1.0
2024-02-07,13,0.652,0.079,0.269,0.0,2.0,1.0,2.0,0.0
2024-02-07,14,0.0,0.0,0.213,0.787,0.0,0.0,2.0,1.0
2024-02-07,15,0.38,0.0,0.541,0.079,1.0,0.0,1.0,1.0
2024-02-07,16,1.0,0.0,0.0,0.0,1.0,0.0,0.0,0.0
2024-02-07,17,1.0,0.0,0.0,0.0,1.0,0.0,0.0,0.0
2024-02-07,18,1.0,0.0,0.0,0.0,1.0,0.0,0.0,0.0
2024-02-07,19,0.043,0.0,0.079,0.879,1.0,0.0,1.0,1.0
2024-02-07,20,0.0,0.0,0.826,0.174,0.0,0.0,1.0,2.0
2024-02-07,21,0.0,0.0,0.557,0.443,0.0,0.0,1.0,1.0
2024-02-07,22,0.377,0.0,0.23,0.393,1.0,0.0,1.0,1.0
2024-02-07,23,0.803,0.0,0.0,0.197,1.0,0.0,1.0,1.0
2024-02-08,0,0.0,0.0,0.0,1.0,0.0,0.0,0.0,1.0
2024-02-08,1,0.0,0.0,0.669,0.331,0.0,0.0,1.0,2.0
2024-02-08,2,0.0,0.0,0.443,0.557,0.0,0.0,1.0,1.0
2024-02-08,3,0.0,0.0,0.423,0.577,0.0,0.0,1.0,1.0
2024-02-08,4,0.118,0.0,0.633,0.249,1.0,0.0,3.0,2.0
2024-02-08,5,0.0,0.0,0.41,0.59,0.0,0.0,2.0,1.0
2024-02-08,6,0.705,0.0,0.295,0.0,1.0,0.0,1.0,0.0
2024-02-08,7,1.0,0.0,0.0,0.0,1.0,0.0,0.0,0.0
2024-02-08,8,0.852,0.0,0.118,0.03,1.0,0.0,1.0,1.0
2024-02-08,9,0.243,0.0,0.315,0.443,1.0,0.0,1.0,1.0
2024-02-08,10,0.662,0.0,0.236,0.102,2.0,0.0,2.0,1.0
2024-02-08,11,0.0,0.0,0.393,0.607,1.0,0.0,1.0,1.0
2024-02-08,12,0.787,0.213,0.0,0.0,1.0,1.0,0.0,0.0
2024-02-08,13,0.393,0.18,0.426,0.0,1.0,2.0,2.0,0.0
2024-02-08,14,0.01,0.0,0.243,0.748,1.0,0.0,2.0,2.0
2024-02-08,15,1.0,0.0,0.0,0.0,1.0,0.0,0.0,0.0
2024-02-08,16,0.921,0.0,0.079,0.0,2.0,0.0,1.0,0.0
2024-02-08,17,0.803,0.0,0.197,0.0,2.0,0.0,1.0,0.0
2024-02-08,18,0.689,0.0,0.0,0.311,1.0,0.0,0.0,1.0
2024-02-08,19,0.354,0.0,0.079,0.567,1.0,0.0,1.0,2.0
2024-02-08,20,0.0,0.0,0.669,0.331,0.0,0.0,1.0,2.0
2024-02-08,21,0.079,0.0,0.243,0.679,1.0,0.0,1.0,1.0
2024-02-08,22,0.0,0.0,0.308,0.692,0.0,0.0,1.0,1.0
2024-02-08,23,0.748,0.0,0.157,0.095,2.0,0.0,1.0,2.0
2024-02-09,0,0.236,0.0,0.095,0.669,1.0,0.0,2.0,1.0
2024-02-09,1,0.0,0.0,1.0,0.0,0.0,0.0,1.0,0.0
2024-02-09,2,0.0,0.0,0.41,0.59,0.0,0.0,2.0,1.0
2024-02-09,3,0.0,0.0,0.62,0.38,0.0,0.0,1.0,1.0
2024-02-09,4,0.118,0.0,0.436,0.446,1.0,0.0,2.0,1.0
2024-02-09,5,0.0,0.0,0.705,0.295,0.0,0.0,1.0,1.0
2024-02-09,6,0.548,0.0,0.315,0.138,1.0,0.0,1.0,1.0
2024-02-09,7,0.685,0.0,0.315,0.0,2.0,0.0,1.0,0.0
2024-02-09,8,0.302,0.0,0.698,0.0,1.0,0.0,1.0,0.0
2024-02-09,9,0.518,0.0,0.325,0.157,1.0,0.0,1.0,1.0
2024-02-09,10,0.921,0.079,0.0,0.0,2.0,1.0,0.0,0.0
2024-02-09,11,0.725,0.0,0.0,0.275,1.0,0.0,0.0,1.0
2024-02-09,12,0.292,0.039,0.0,0.669,2.0,1.0,0.0,1.0
2024-02-09,13,0.81,0.0,0.19,0.0,3.0,0.0,2.0,0.0
2024-02-09,14,0.118,0.0,0.685,0.197,1.0,0.0,3.0,1.0
2024-02-09,15,0.184,0.0,0.187,0.63,1.0,0.0,3.0,2.0
2024-02-09,16,1.0,0.0,0.0,0.0,1.0,0.0,0.0,0.0
2024-02-09,17,1.0,0.0,0.0,0.0,1.0,0.0,0.0,0.0
2024-02-09,18,0.807,0.0,0.193,0.0,2.0,0.0,2.0,0.0
2024-02-09,19,0.0,0.039,0.121,0.839,0.0,1.0,2.0,1.0
2024-02-09,20,0.0,0.0,0.63,0.37,0.0,0.0,1.0,2.0
2024-02-09,21,0.118,0.0,0.59,0.292,1.0,0.0,2.0,2.0
2024-02-09,22,0.0,0.0,0.062,0.938,0.0,0.0,1.0,1.0
2024-02-09,23,0.0,0.0,0.725,0.275,1.0,0.0,1.0,1.0
2024-02-10,0,0.0,0.0,0.725,0.275,0.0,0.0,3.0,3.0
2024-02-10,1,0.275,0.0,0.613,0.111,1.0,0.0,2.0,1.0
2024-02-10,2,0.0,0.0,0.0,1.0,0.0,0.0,0.0,1.0
2024-02-10,3,0.0,0.0,0.97,0.03,0.0,0.0,1.0,1.0
2024-02-10,4,0.0,0.0,0.489,0.511,0.0,0.0,2.0,1.0
2024-02-10,5,0.118,0.0,0.882,0.0,1.0,0.0,2.0,0.0
2024-02-10,6,0.0,0.0,0.882,0.118,0.0,0.0,2.0,1.0
2024-02-10,7,0.721,0.0,0.161,0.118,2.0,0.0,2.0,1.0
2024-02-10,8,1.0,0.0,0.0,0.0,1.0,0.0,0.0,0.0
2024-02-10,9,0.993,0.0,0.007,0.0,1.0,0.0,1.0,0.0
2024-02-10,10,0.079,0.0,0.607,0.315,1.0,0.0,2.0,1.0
2024-02-10,11,0.708,0.0,0.016,0.275,1.0,0.0,1.0,1.0
2024-02-10,12,0.921,0.079,0.0,0.0,3.0,2.0,0.0,0.0
2024-02-10,13,0.298,0.0,0.544,0.157,3.0,0.0,3.0,1.0
2024-02-10,14,0.325,0.0,0.085,0.59,2.0,0.0,2.0,1.0
2024-02-10,15,1.0,0.0,0.0,0.0,1.0,0.0,0.0,0.0
2024-02-10,16,1.0,0.0,0.0,0.0,1.0,0.0,0.0,0.0
2024-02-10,17,1.0,0.0,0.0,0.0,1.0,0.0,0.0,0.0
2024-02-10,18,0.961,0.039,0.0,0.0,2.0,1.0,0.0,0.0
2024-02-10,19,0.121,0.0,0.0,0.879,1.0,0.0,0.0,1.0
2024-02-10,20,0.0,0.0,0.423,0.577,0.0,0.0,1.0,1.0
2024-02-10,21,0.0,0.0,0.167,0.833,0.0,0.0,1.0,1.0
2024-02-10,22,0.0,0.0,0.849,0.151,0.0,0.0,1.0,1.0
2024-02-10,23,0.0,0.0,0.016,0.984,0.0,0.0,1.0,2.0
2024-02-11,0,0.315,0.0,0.433,0.252,2.0,0.0,2.0,1.0
2024-02-11,1,0.511,0.0,0.23,0.259,1.0,0.0,2.0,1.0
2024-02-11,2,0.01,0.0,0.361,0.63,1.0,0.0,2.0,1.0
2024-02-11,3,0.03,0.0,0.708,0.262,1.0,0.0,1.0,1.0
2024-02-11,4,0.0,0.0,0.633,0.367,0.0,0.0,1.0,1.0
2024-02-11,5,0.0,0.0,0.567,0.433,0.0,0.0,2.0,1.0
2024-02-11,6,0.0,0.157,0.764,0.079,0.0,1.0,3.0,1.0
2024-02-11,7,0.367,0.039,0.239,0.354,2.0,1.0,2.0,1.0
2024-02-11,8,1.0,0.0,0.0,0.0,1.0,0.0,0.0,0.0
2024-02-11,9,0.875,0.0,0.079,0.046,1.0,0.0,1.0,1.0
2024-02-11,10,0.0,0.0,0.22,0.78,0.0,0.0,1.0,1.0
2024-02-11,11,0.905,0.0,0.095,0.0,1.0,0.0,1.0,0.0
2024-02-11,12,0.37,0.63,0.0,0.0,2.0,1.0,0.0,0.0
2024-02-11,13,0.613,0.079,0.111,0.197,3.0,2.0,1.0,1.0
2024-02-11,14,0.0,0.0,0.528,0.472,0.0,0.0,3.0,2.0
2024-02-11,15,0.498,0.0,0.502,0.0,1.0,0.0,1.0,0.0
2024-02-11,16,1.0,0.0,0.0,0.0,1.0,0.0,0.0,0.0
2024-02-11,17,1.0,0.0,0.0,0.0,1.0,0.0,0.0,0.0
2024-02-11,18,0.767,0.0,0.039,0.193,1.0,0.0,1.0,1.0
2024-02-11,19,0.0,0.0,0.0,1.0,0.0,0.0,0.0,1.0
2024-02-11,20,0.039,0.0,0.511,0.449,1.0,0.0,1.0,2.0
2024-02-11,21,0.0,0.0,0.203,0.797,0.0,0.0,1.0,1.0
2024-02-11,22,0.0,0.0,0.348,0.652,0.0,0.0,1.0,1.0
2024-02-11,23,0.511,0.0,0.275,0.213,2.0,0.0,2.0,2.0
2024-02-12,0,0.0,0.0,0.315,0.685,0.0,0.0,1.0,1.0
2024-02-12,1,0.0,0.0,0.977,0.023,0.0,0.0,1.0,1.0
2024-02-12,2,0.236,0.0,0.252,0.511,1.0,0.0,2.0,1.0
2024-02-12,3,0.0,0.0,0.423,0.577,0.0,0.0,1.0,1.0
2024-02-12,4,0.003,0.0,0.551,0.446,1.0,0.0,1.0,1.0
2024-02-12,5,0.154,0.0,0.767,0.079,1.0,0.0,2.0,1.0
2024-02-12,6,0.0,0.0,0.689,0.311,0.0,0.0,1.0,1.0
2024-02-12,7,0.603,0.0,0.197,0.2,1.0,0.0,1.0,1.0
2024-02-12,8,1.0,0.0,0.0,0.0,1.0,0.0,0.0,0.0
2024-02-12,9,0.882,0.118,0.0,0.0,3.0,2.0,0.0,0.0
2024-02-12,10,0.466,0.354,0.0,0.18,4.0,2.0,0.0,1.0
2024-02-12,11,0.354,0.118,0.0,0.528,2.0,2.0,0.0,1.0
2024-02-12,12,0.567,0.039,0.0,0.393,2.0,1.0,0.0,1.0
2024-02-12,13,0.41,0.0,0.433,0.157,2.0,0.0,1.0,1.0
2024-02-12,14,0.518,0.118,0.246,0.118,3.0,2.0,1.0,1.0
2024-02-12,15,0.079,0.0,0.659,0.262,1.0,0.0,2.0,2.0
2024-02-12,16,0.711,0.0,0.0,0.289,1.0,0.0,0.0,1.0
2024-02-12,17,1.0,0.0,0.0,0.0,1.0,0.0,0.0,0.0
2024-02-12,18,0.649,0.157,0.0,0.193,2.0,1.0,0.0,1.0
2024-02-12,19,0.079,0.0,0.393,0.528,1.0,0.0,1.0,2.0
2024-02-12,20,0.0,0.0,0.187,0.813,0.0,0.0,1.0,1.0
2024-02-12,21,0.0,0.0,0.403,0.597,0.0,0.0,1.0,1.0
2024-02-12,22,0.0,0.0,0.551,0.449,0.0,0.0,1.0,2.0
2024-02-12,23,0.393,0.0,0.472,0.134,2.0,0.0,3.0,1.0
2024-02-17,0,0.315,0.0,0.685,0.0,1.0,0.0,1.0,0.0
2024-02-17,1,0.0,0.0,0.174,0.826,0.0,0.0,2.0,1.0
2024-02-17,2,0.0,0.0,1.0,0.0,0.0,0.0,1.0,0.0
2024-02-17,3,0.0,0.0,0.528,0.472,0.0,0.0,2.0,1.0
2024-02-17,4,0.0,0.0,1.0,0.0,0.0,0.0,1.0,0.0
2024-02-17,5,0.0,0.079,0.213,0.708,0.0,1.0,2.0,2.0
2024-02-17,6,0.0,0.0,1.0,0.0,0.0,0.0,1.0,0.0
2024-02-17,7,0.8,0.0,0.2,0.0,1.0,0.0,1.0,0.0
2024-02-17,8,1.0,0.0,0.0,0.0,1.0,0.0,0.0,0.0
2024-02-17,9,1.0,0.0,0.0,0.0,1.0,0.0,0.0,0.0
2024-02-17,10,0.646,0.118,0.236,0.0,4.0,1.0,2.0,0.0
2024-02-17,11,1.0,0.0,0.0,0.0,1.0,0.0,0.0,0.0
2024-02-17,12,0.134,0.0,0.354,0.511,2.0,0.0,2.0,1.0
2024-02-17,13,0.449,0.157,0.393,0.0,4.0,2.0,2.0,0.0
2024-02-17,14,0.331,0.0,0.433,0.236,2.0,0.0,2.0,1.0
2024-02-17,15,0.803,0.0,0.197,0.0,2.0,0.0,1.0,0.0
2024-02-17,16,0.961,0.039,0.0,0.0,2.0,1.0,0.0,0.0
2024-02-17,17,0.548,0.0,0.118,0.334,2.0,0.0,1.0,2.0
2024-02-17,18,0.393,0.0,0.079,0.528,2.0,0.0,1.0,2.0
2024-02-17,19,0.0,0.0,0.328,0.672,0.0,0.0,1.0,1.0
2024-02-17,20,0.148,0.0,0.38,0.472,1.0,0.0,1.0,1.0
2024-02-17,21,0.325,0.0,0.157,0.518,1.0,0.0,1.0,1.0
2024-02-17,22,0.0,0.0,0.692,0.308,0.0,0.0,1.0,1.0
2024-02-17,23,0.0,0.0,0.449,0.551,1.0,0.0,2.0,1.0
2024-02-18,0,0.0,0.0,0.646,0.354,0.0,0.0,2.0,1.0
2024-02-18,1,0.0,0.0,0.692,0.308,0.0,0.0,1.0,1.0
2024-02-18,2,0.0,0.0,0.6,0.4,0.0,0.0,1.0,1.0
2024-02-18,3,0.0,0.0,0.449,0.551,0.0,0.0,2.0,1.0
2024-02-18,4,0.0,0.0,1.0,0.0,0.0,0.0,1.0,0.0
2024-02-18,5,0.02,0.0,0.311,0.669,1.0,0.0,1.0,1.0
2024-02-18,6,0.138,0.0,0.826,0.036,1.0,0.0,1.0,1.0
2024-02-18,7,0.643,0.0,0.0,0.357,1.0,0.0,0.0,1.0
2024-02-18,8,0.961,0.039,0.0,0.0,2.0,1.0,0.0,0.0
2024-02-18,9,0.6,0.0,0.079,0.321,2.0,0.0,1.0,2.0
2024-02-18,10,0.102,0.0,0.354,0.544,1.0,0.0,1.0,1.0
2024-02-18,11,1.0,0.0,0.0,0.0,1.0,0.0,0.0,0.0
2024-02-18,12,0.472,0.118,0.275,0.134,3.0,2.0,1.0,1.0
2024-02-18,13,0.079,0.0,0.584,0.338,1.0,0.0,1.0,1.0
2024-02-18,14,0.0,0.0,0.41,0.59,0.0,0.0,2.0,1.0
2024-02-18,15,0.039,0.0,0.607,0.354,1.0,0.0,3.0,2.0
2024-02-18,16,0.318,0.0,0.682,0.0,1.0,0.0,1.0,0.0
2024-02-18,17,0.961,0.039,0.0,0.0,2.0,1.0,0.0,0.0
2024-02-18,18,0.961,0.0,0.0,0.039,2.0,0.0,0.0,1.0
2024-02-18,19,0.239,0.0,0.0,0.761,1.0,0.0,0.0,1.0
2024-02-18,20,0.0,0.0,0.738,0.262,0.0,0.0,1.0,1.0
2024-02-18,21,0.793,0.0,0.089,0.118,1.0,0.0,1.0,1.0
2024-02-18,22,0.426,0.0,0.0,0.574,1.0,0.0,0.0,1.0
2024-02-18,23,0.0,0.0,0.472,0.528,0.0,0.0,2.0,1.0
2024-02-19,0,0.0,0.0,0.331,0.669,0.0,0.0,2.0,1.0
2024-02-19,1,0.197,0.0,0.456,0.348,1.0,0.0,2.0,1.0
2024-02-19,2,0.0,0.0,0.01,0.99,0.0,0.0,1.0,1.0
2024-02-19,3,0.0,0.0,1.0,0.0,0.0,0.0,1.0,0.0
2024-02-19,4,0.039,0.0,0.646,0.315,1.0,0.0,3.0,1.0
2024-02-19,5,0.0,0.0,0.39,0.61,0.0,0.0,1.0,1.0
2024-02-19,6,0.548,0.0,0.236,0.216,1.0,0.0,1.0,1.0
2024-02-19,7,1.0,0.0,0.0,0.0,1.0,0.0,0.0,0.0
2024-02-19,8,0.498,0.0,0.275,0.226,2.0,0.0,2.0,1.0
2024-02-19,9,0.518,0.0,0.118,0.364,1.0,0.0,1.0,1.0
2024-02-19,10,0.505,0.0,0.495,0.0,1.0,0.0,1.0,0.0
2024-02-19,11,0.433,0.0,0.41,0.157,1.0,0.0,1.0,1.0
2024-02-19,12,0.882,0.0,0.118,0.0,2.0,0.0,1.0,0.0
2024-02-19,13,0.292,0.0,0.275,0.433,2.0,0.0,2.0,1.0
2024-02-19,14,0.439,0.0,0.561,0.0,2.0,0.0,2.0,0.0
2024-02-19,15,0.079,0.0,0.541,0.38,1.0,0.0,2.0,1.0
2024-02-19,16,0.83,0.0,0.0,0.17,1.0,0.0,0.0,1.0
2024-02-19,17,1.0,0.0,0.0,0.0,1.0,0.0,0.0,0.0
2024-02-19,18,0.649,0.0,0.233,0.118,3.0,0.0,4.0,1.0
2024-02-19,19,0.0,0.0,0.567,0.433,0.0,0.0,2.0,1.0
2024-02-19,20,0.0,0.0,0.685,0.315,0.0,0.0,2.0,1.0
2024-02-19,21,0.039,0.0,0.482,0.479,1.0,0.0,2.0,1.0
2024-02-19,22,0.692,0.0,0.0,0.308,1.0,0.0,0.0,1.0
2024-02-19,23,0.882,0.0,0.118,0.0,1.0,0.0,2.0,0.0
2024-02-20,0,0.157,0.0,0.0,0.843,1.0,0.0,0.0,1.0
2024-02-20,1,0.0,0.0,0.63,0.37,0.0,0.0,1.0,2.0
2024-02-20,2,0.079,0.0,0.561,0.361,1.0,0.0,1.0,1.0
2024-02-20,3,0.0,0.0,0.331,0.669,0.0,0.0,2.0,1.0
2024-02-20,4,0.039,0.039,0.879,0.043,1.0,1.0,2.0,1.0
2024-02-20,5,0.0,0.0,0.216,0.784,0.0,0.0,1.0,1.0
2024-02-20,6,0.823,0.039,0.138,0.0,2.0,1.0,1.0,0.0
2024-02-20,7,1.0,0.0,0.0,0.0,1.0,0.0,0.0,0.0
2024-02-20,8,0.459,0.039,0.079,0.423,2.0,1.0,1.0,1.0
2024-02-20,9,0.243,0.0,0.315,0.443,1.0,0.0,1.0,1.0
2024-02-20,10,0.702,0.0,0.197,0.102,1.0,0.0,1.0,1.0
2024-02-20,11,0.0,0.0,0.551,0.449,0.0,0.0,1.0,2.0
2024-02-20,12,0.803,0.0,0.0,0.197,1.0,0.0,0.0,1.0
2024-02-20,13,0.613,0.039,0.23,0.118,3.0,1.0,2.0,1.0
2024-02-20,14,0.118,0.0,0.321,0.561,1.0,0.0,2.0,1.0
2024-02-20,15,0.616,0.039,0.275,0.069,2.0,1.0,1.0,1.0
2024-02-20,16,1.0,0.0,0.0,0.0,1.0,0.0,0.0,0.0
2024-02-20,17,0.961,0.0,0.039,0.0,2.0,0.0,1.0,0.0
2024-02-20,18,0.177,0.0,0.193,0.63,1.0,0.0,2.0,1.0
2024-02-20,19,0.013,0.0,0.475,0.511,1.0,0.0,2.0,1.0
2024-02-20,20,0.066,0.0,0.669,0.266,1.0,0.0,1.0,1.0
2024-02-20,21,0.0,0.0,0.754,0.246,0.0,0.0,1.0,1.0
2024-02-20,22,0.118,0.0,0.292,0.59,1.0,0.0,4.0,2.0
2024-02-20,23,0.0,0.0,1.0,0.0,1.0,0.0,1.0,0.0
2024-02-21,0,0.0,0.0,0.315,0.685,0.0,0.0,1.0,1.0
2024-02-21,1,0.118,0.0,0.78,0.102,1.0,0.0,1.0,1.0
2024-02-21,2,0.0,0.0,0.37,0.63,0.0,0.0,2.0,1.0
2024-02-21,3,0.0,0.0,0.974,0.026,0.0,0.0,1.0,1.0
2024-02-21,4,0.275,0.039,0.239,0.446,3.0,1.0,2.0,1.0
2024-02-21,5,0.0,0.0,0.705,0.295,0.0,0.0,1.0,1.0
2024-02-21,6,0.508,0.039,0.236,0.216,2.0,1.0,1.0,1.0
2024-02-21,7,0.961,0.039,0.0,0.0,2.0,1.0,0.0,0.0
2024-02-21,8,1.0,0.0,0.0,0.0,1.0,0.0,0.0,0.0
2024-02-21,9,0.167,0.0,0.236,0.597,1.0,0.0,1.0,1.0
2024-02-21,10,0.0,0.0,0.826,0.174,0.0,0.0,1.0,2.0
2024-02-21,11,0.905,0.039,0.0,0.056,2.0,1.0,0.0,1.0
2024-02-21,12,0.921,0.079,0.0,0.0,2.0,1.0,0.0,0.0
2024-02-21,13,0.646,0.0,0.0,0.354,2.0,0.0,0.0,1.0
2024-02-21,14,0.125,0.0,0.511,0.364,1.0,0.0,1.0,1.0
2024-02-21,15,0.538,0.0,0.354,0.108,1.0,0.0,1.0,1.0
2024-02-21,16,1.0,0.0,0.0,0.0,1.0,0.0,0.0,0.0
2024-02-21,17,1.0,0.0,0.0,0.0,1.0,0.0,0.0,0.0
2024-02-21,18,0.531,0.039,0.118,0.311,1.0,1.0,1.0,1.0
2024-02-21,19,0.0,0.0,0.485,0.515,0.0,0.0,1.0,1.0
2024-02-21,20,0.0,0.0,0.567,0.433,0.0,0.0,2.0,1.0
2024-02-21,21,0.0,0.0,0.443,0.557,0.0,0.0,1.0,1.0
2024-02-21,22,0.77,0.0,0.197,0.033,1.0,0.0,1.0,1.0
2024-02-21,23,0.725,0.0,0.236,0.039,2.0,0.0,3.0,1.0
2024-02-22,0,0.039,0.0,0.079,0.882,1.0,0.0,2.0,1.0
2024-02-22,1,0.0,0.0,0.708,0.292,0.0,0.0,1.0,2.0
2024-02-22,2,0.0,0.0,0.6,0.4,0.0,0.0,1.0,1.0
2024-02-22,3,0.0,0.0,0.148,0.852,0.0,0.0,1.0,1.0
2024-02-22,4,0.354,0.0,0.397,0.249,2.0,0.0,2.0,1.0
2024-02-22,5,0.0,0.0,0.508,0.492,0.0,0.0,1.0,1.0
2024-02-22,6,0.784,0.0,0.118,0.098,1.0,0.0,1.0,1.0
2024-02-22,7,0.987,0.0,0.0,0.013,1.0,0.0,0.0,1.0
2024-02-22,8,0.0,0.0,0.305,0.695,0.0,0.0,2.0,2.0
2024-02-22,9,0.361,0.0,0.6,0.039,1.0,0.0,1.0,1.0
2024-02-22,10,0.702,0.0,0.298,0.0,2.0,0.0,2.0,0.0
2024-02-22,11,0.118,0.0,0.252,0.63,1.0,0.0,2.0,1.0
2024-02-22,12,0.866,0.039,0.095,0.0,2.0,1.0,1.0,0.0
2024-02-22,13,0.151,0.0,0.22,0.63,1.0,0.0,2.0,1.0
2024-02-22,14,0.243,0.118,0.443,0.197,3.0,2.0,2.0,1.0
2024-02-22,15,0.459,0.0,0.344,0.197,1.0,0.0,1.0,1.0
2024-02-22,16,1.0,0.0,0.0,0.0,1.0,0.0,0.0,0.0
2024-02-22,17,0.784,0.216,0.0,0.0,2.0,2.0,0.0,0.0
2024-02-22,18,0.511,0.216,0.0,0.272,3.0,3.0,0.0,1.0
2024-02-22,19,0.0,0.0,0.249,0.751,0.0,0.0,1.0,1.0
2024-02-22,20,0.0,0.0,0.449,0.551,0.0,0.0,2.0,1.0
2024-02-22,21,0.046,0.0,0.561,0.393,1.0,0.0,1.0,1.0
2024-02-22,22,0.584,0.0,0.416,0.0,1.0,0.0,1.0,0.0
2024-02-22,23,0.0,0.0,0.134,0.866,0.0,0.0,3.0,1.0
2024-02-23,0,0.0,0.0,0.63,0.37,0.0,0.0,1.0,1.0
2024-02-23,1,0.079,0.0,0.702,0.22,1.0,0.0,2.0,1.0
2024-02-23,2,0.0,0.0,0.449,0.551,0.0,0.0,2.0,1.0
2024-02-23,3,0.0,0.0,0.738,0.262,0.0,0.0,1.0,1.0
2024-02-23,4,0.043,0.157,0.472,0.328,2.0,1.0,2.0,1.0
2024-02-23,5,0.115,0.0,0.433,0.452,1.0,0.0,1.0,1.0
2024-02-23,6,0.902,0.0,0.039,0.059,1.0,0.0,1.0,1.0
2024-02-23,7,0.948,0.013,0.039,0.0,2.0,1.0,1.0,0.0
2024-02-23,8,0.305,0.026,0.079,0.59,2.0,1.0,1.0,1.0
2024-02-23,9,0.843,0.0,0.157,0.0,2.0,0.0,1.0,0.0
2024-02-23,10,0.544,0.0,0.079,0.377,1.0,0.0,1.0,1.0
2024-02-23,11,0.157,0.0,0.236,0.607,1.0,0.0,1.0,1.0
2024-02-23,12,1.0,0.0,0.0,0.0,2.0,0.0,0.0,0.0
2024-02-23,13,0.298,0.0,0.387,0.315,3.0,0.0,3.0,1.0
2024-02-23,14,0.089,0.0,0.243,0.669,1.0,0.0,2.0,1.0
2024-02-23,15,0.974,0.0,0.026,0.0,1.0,0.0,1.0,0.0
2024-02-23,16,0.633,0.0,0.17,0.197,1.0,0.0,1.0,1.0
2024-02-23,17,1.0,0.0,0.0,0.0,1.0,0.0,0.0,0.0
2024-02-23,18,0.295,0.0,0.118,0.587,2.0,0.0,2.0,2.0
2024-02-23,19,0.039,0.0,0.525,0.436,1.0,0.0,3.0,2.0
2024-02-23,20,0.0,0.0,0.616,0.384,0.0,0.0,2.0,2.0
2024-02-23,21,0.046,0.0,0.433,0.521,1.0,0.0,1.0,1.0
2024-02-23,22,0.741,0.039,0.197,0.023,1.0,1.0,1.0,1.0
2024-02-23,23,0.0,0.0,0.197,0.803,0.0,0.0,2.0,2.0
2024-02-24,0,0.0,0.0,0.315,0.685,0.0,0.0,1.0,1.0
2024-02-24,1,0.111,0.0,0.59,0.298,1.0,0.0,1.0,1.0
2024-02-24,2,0.675,0.0,0.079,0.246,1.0,0.0,1.0,1.0
2024-02-24,3,0.0,0.0,0.302,0.698,0.0,0.0,1.0,1.0
2024-02-24,4,0.0,0.0,0.682,0.318,0.0,0.0,1.0,1.0
2024-02-24,5,0.157,0.039,0.256,0.548,2.0,1.0,2.0,1.0
2024-02-24,6,0.0,0.0,0.925,0.075,0.0,0.0,1.0,1.0
2024-02-24,7,0.643,0.0,0.079,0.279,2.0,0.0,1.0,1.0
2024-02-24,8,1.0,0.0,0.0,0.0,1.0,0.0,0.0,0.0
2024-02-24,9,0.639,0.0,0.157,0.203,1.0,0.0,1.0,1.0
2024-02-24,10,0.81,0.0,0.0,0.19,1.0,0.0,0.0,1.0
2024-02-24,11,0.646,0.0,0.0,0.354,1.0,0.0,0.0,1.0
2024-02-24,12,0.0,0.0,0.646,0.354,0.0,0.0,1.0,1.0
2024-02-24,13,0.59,0.039,0.18,0.19,1.0,1.0,2.0,1.0
2024-02-24,14,0.01,0.0,0.197,0.793,1.0,0.0,1.0,1.0
2024-02-24,15,1.0,0.0,0.0,0.0,1.0,0.0,0.0,0.0
2024-02-24,16,0.764,0.118,0.118,0.0,4.0,2.0,1.0,0.0
2024-02-24,17,0.843,0.0,0.157,0.0,2.0,0.0,1.0,0.0
2024-02-24,18,0.02,0.039,0.115,0.826,1.0,1.0,3.0,1.0
2024-02-24,19,0.0,0.0,0.436,0.564,0.0,0.0,1.0,1.0
2024-02-24,20,0.0,0.0,0.698,0.302,0.0,0.0,1.0,1.0
2024-02-24,21,0.0,0.0,0.331,0.669,0.0,0.0,2.0,1.0
2024-02-24,22,0.0,0.0,0.961,0.039,0.0,0.0,2.0,1.0
2024-02-24,23,0.079,0.0,0.725,0.197,1.0,0.0,4.0,1.0
2024-02-25,0,0.0,0.0,0.567,0.433,0.0,0.0,3.0,2.0
2024-02-25,1,0.0,0.0,1.0,0.0,0.0,0.0,1.0,0.0
2024-02-25,2,0.0,0.0,0.41,0.59,0.0,0.0,2.0,1.0
2024-02-25,3,0.0,0.0,1.0,0.0,0.0,0.0,1.0,0.0
2024-02-25,4,0.157,0.0,0.41,0.433,1.0,0.0,4.0,2.0
2024-02-25,5,0.256,0.0,0.744,0.0,2.0,0.0,2.0,0.0
2024-02-25,6,0.177,0.0,0.748,0.075,2.0,0.0,2.0,1.0
2024-02-25,7,0.603,0.0,0.236,0.161,1.0,0.0,1.0,1.0
2024-02-25,8,0.961,0.039,0.0,0.0,2.0,1.0,0.0,0.0
2024-02-25,9,0.718,0.0,0.079,0.203,2.0,0.0,2.0,1.0
2024-02-25,10,0.18,0.0,0.393,0.426,1.0,0.0,1.0,1.0
2024-02-25,11,0.174,0.0,0.433,0.393,1.0,0.0,2.0,1.0
2024-02-25,12,0.292,0.0,0.275,0.433,1.0,0.0,1.0,1.0
2024-02-25,13,0.377,0.0,0.623,0.0,2.0,0.0,2.0,0.0
2024-02-25,14,0.0,0.0,0.37,0.63,0.0,0.0,2.0,1.0
2024-02-25,15,0.931,0.0,0.069,0.0,1.0,0.0,1.0,0.0
2024-02-25,16,1.0,0.0,0.0,0.0,1.0,0.0,0.0,0.0
2024-02-25,17,1.0,0.0,0.0,0.0,1.0,0.0,0.0,0.0
2024-02-25,18,0.764,0.0,0.0,0.236,3.0,0.0,0.0,1.0
2024-02-25,19,0.318,0.0,0.17,0.511,2.0,0.0,1.0,1.0
2024-02-25,20,0.0,0.0,0.095,0.905,0.0,0.0,2.0,1.0
2024-02-25,21,0.079,0.0,0.921,0.0,1.0,0.0,2.0,0.0
2024-02-25,22,0.315,0.0,0.331,0.354,3.0,0.0,4.0,1.0
2024-02-25,23,0.118,0.0,0.528,0.354,1.0,0.0,3.0,1.0
2024-02-26,0,0.039,0.0,0.528,0.433,1.0,0.0,2.0,1.0
2024-02-26,1,0.0,0.0,0.613,0.387,0.0,0.0,1.0,1.0
2024-02-26,2,0.039,0.0,0.905,0.056,1.0,0.0,2.0,2.0
2024-02-26,3,0.0,0.0,0.616,0.384,0.0,0.0,1.0,1.0
2024-02-26,4,0.315,0.0,0.331,0.354,2.0,0.0,3.0,1.0
2024-02-26,5,0.0,0.0,0.43,0.57,0.0,0.0,1.0,1.0
2024-02-26,6,0.075,0.079,0.826,0.02,2.0,1.0,1.0,1.0
2024-02-26,7,1.0,0.0,0.0,0.0,1.0,0.0,0.0,0.0
2024-02-26,8,0.892,0.0,0.108,0.0,1.0,0.0,1.0,0.0
2024-02-26,9,0.472,0.0,0.095,0.433,1.0,0.0,3.0,1.0
2024-02-26,10,0.141,0.0,0.308,0.551,1.0,0.0,1.0,1.0
2024-02-26,11,0.843,0.0,0.157,0.0,2.0,0.0,1.0,0.0
2024-02-26,12,0.393,0.0,0.197,0.41,3.0,0.0,3.0,2.0
2024-02-26,13,0.118,0.039,0.19,0.652,2.0,1.0,1.0,1.0
2024-02-26,14,0.079,0.0,0.479,0.443,1.0,0.0,2.0,1.0
2024-02-26,15,0.498,0.0,0.433,0.069,1.0,0.0,1.0,1.0
2024-02-26,16,0.921,0.079,0.0,0.0,2.0,1.0,0.0,0.0
2024-02-26,17,1.0,0.0,0.0,0.0,1.0,0.0,0.0,0.0
2024-02-26,18,0.098,0.0,0.079,0.823,1.0,0.0,1.0,1.0
2024-02-26,19,0.197,0.0,0.511,0.292,2.0,0.0,3.0,2.0
2024-02-26,20,0.0,0.0,0.462,0.538,0.0,0.0,1.0,1.0
2024-02-26,21,0.282,0.0,0.128,0.59,1.0,0.0,1.0,1.0
2024-02-26,22,0.348,0.0,0.197,0.456,1.0,0.0,1.0,1.0
2024-02-26,23,0.0,0.0,0.669,0.331,1.0,0.0,1.0,1.0
2024-02-27,0,0.472,0.0,0.016,0.511,1.0,0.0,1.0,1.0
2024-02-27,1,0.0,0.0,0.416,0.584,0.0,0.0,1.0,1.0
2024-02-27,2,0.0,0.0,0.836,0.164,0.0,0.0,1.0,1.0
2024-02-27,3,0.0,0.0,0.148,0.852,0.0,0.0,1.0,1.0
2024-02-27,4,0.0,0.0,0.948,0.052,0.0,0.0,1.0,1.0
2024-02-27,5,0.039,0.0,0.587,0.374,1.0,0.0,2.0,2.0
2024-02-27,6,0.744,0.0,0.079,0.177,2.0,0.0,2.0,2.0
2024-02-27,7,0.908,0.0,0.092,0.0,1.0,0.0,1.0,0.0
2024-02-27,8,0.62,0.0,0.105,0.275,1.0,0.0,1.0,1.0
2024-02-27,9,0.089,0.0,0.315,0.597,1.0,0.0,1.0,1.0
2024-02-27,10,0.928,0.039,0.0,0.033,2.0,1.0,0.0,1.0
2024-02-27,11,0.174,0.0,0.118,0.708,1.0,0.0,1.0,1.0
2024-02-27,12,0.489,0.0,0.354,0.157,2.0,0.0,2.0,1.0
2024-02-27,13,0.456,0.0,0.348,0.197,2.0,0.0,2.0,1.0
2024-02-27,14,0.039,0.0,0.439,0.521,1.0,0.0,2.0,1.0
2024-02-27,15,0.066,0.0,0.63,0.305,1.0,0.0,1.0,1.0
2024-02-27,16,1.0,0.0,0.0,0.0,1.0,0.0,0.0,0.0
2024-02-27,17,0.744,0.0,0.256,0.0,1.0,0.0,1.0,0.0
2024-02-27,18,0.275,0.039,0.295,0.39,1.0,1.0,1.0,1.0
2024-02-27,19,0.0,0.0,0.393,0.607,0.0,0.0,1.0,2.0
2024-02-27,20,0.0,0.0,0.59,0.41,0.0,0.0,1.0,2.0
2024-02-27,21,0.0,0.0,0.393,0.607,0.0,0.0,1.0,2.0
2024-02-27,22,0.0,0.0,0.731,0.269,0.0,0.0,1.0,1.0
2024-02-27,23,0.0,0.0,0.646,0.354,0.0,0.0,1.0,2.0
2024-02-28,0,0.826,0.0,0.174,0.0,1.0,0.0,1.0,0.0
2024-02-28,1,0.0,0.0,0.37,0.63,0.0,0.0,2.0,1.0
2024-02-28,2,0.0,0.0,0.872,0.128,0.0,0.0,1.0,1.0
2024-02-28,3,0.0,0.0,0.459,0.541,0.0,0.0,1.0,1.0
2024-02-28,4,0.118,0.0,0.882,0.0,1.0,0.0,2.0,0.0
2024-02-28,5,0.039,0.0,0.587,0.374,1.0,0.0,2.0,1.0
2024-02-28,6,0.311,0.0,0.393,0.295,1.0,0.0,1.0,1.0
2024-02-28,7,1.0,0.0,0.0,0.0,1.0,0.0,0.0,0.0
2024-02-28,8,0.695,0.0,0.305,0.0,2.0,0.0,2.0,0.0
2024-02-28,9,0.754,0.0,0.01,0.236,1.0,0.0,1.0,1.0
2024-02-28,10,0.23,0.0,0.039,0.731,1.0,0.0,1.0,1.0
2024-02-28,11,0.708,0.0,0.118,0.174,1.0,0.0,1.0,1.0
2024-02-28,12,0.708,0.0,0.039,0.252,1.0,0.0,1.0,1.0
2024-02-28,13,0.072,0.0,0.0,0.928,1.0,0.0,0.0,1.0
2024-02-28,14,0.203,0.0,0.718,0.079,2.0,0.0,2.0,1.0
2024-02-28,15,0.262,0.0,0.03,0.708,1.0,0.0,1.0,1.0
2024-02-28,16,1.0,0.0,0.0,0.0,1.0,0.0,0.0,0.0
2024-02-28,17,0.764,0.0,0.236,0.0,3.0,0.0,2.0,0.0
2024-02-28,18,0.61,0.0,0.0,0.39,1.0,0.0,0.0,1.0
2024-02-28,19,0.0,0.0,0.682,0.318,0.0,0.0,1.0,1.0
2024-02-28,20,0.0,0.0,0.302,0.698,0.0,0.0,1.0,1.0
2024-02-28,21,0.157,0.0,0.708,0.134,1.0,0.0,2.0,2.0
2024-02-28,22,0.0,0.0,0.338,0.662,0.0,0.0,1.0,1.0
2024-02-28,23,0.039,0.0,0.961,0.0,2.0,0.0,2.0,0.0
2024-02-29,0,0.0,0.0,0.551,0.449,0.0,0.0,1.0,1.0
2024-02-29,1,0.039,0.0,0.78,0.18,1.0,0.0,2.0,1.0
2024-02-29,2,0.0,0.0,1.0,0.0,0.0,0.0,1.0,0.0
2024-02-29,3,0.0,0.0,0.803,0.197,0.0,0.0,3.0,2.0
2024-02-29,4,0.118,0.079,0.803,0.0,2.0,2.0,4.0,0.0
2024-02-29,5,0.0,0.0,0.705,0.295,0.0,0.0,1.0,1.0
2024-02-29,6,0.272,0.0,0.472,0.256,1.0,0.0,2.0,2.0
2024-02-29,7,1.0,0.0,0.0,0.0,1.0,0.0,0.0,0.0
2024-02-29,8,0.892,0.0,0.039,0.069,1.0,0.0,1.0,1.0
2024-02-29,9,0.0,0.0,0.164,0.836,0.0,0.0,1.0,1.0
2024-02-29,10,0.534,0.0,0.466,0.0,1.0,0.0,1.0,0.0
2024-02-29,11,0.607,0.0,0.315,0.079,2.0,0.0,3.0,1.0
2024-02-29,12,0.0,0.0,0.37,0.63,0.0,0.0,2.0,1.0
2024-02-29,13,0.348,0.039,0.613,0.0,4.0,1.0,3.0,0.0
2024-02-29,14,0.164,0.0,0.708,0.128,1.0,0.0,1.0,1.0
2024-02-29,15,0.262,0.0,0.511,0.226,1.0,0.0,1.0,1.0
2024-02-29,16,0.882,0.118,0.0,0.0,3.0,2.0,0.0,0.0
2024-02-29,17,0.921,0.079,0.0,0.0,2.0,1.0,0.0,0.0
2024-02-29,18,0.767,0.193,0.039,0.0,1.0,2.0,1.0,0.0
2024-02-29,19,0.0,0.239,0.039,0.721,0.0,2.0,1.0,1.0
2024-02-29,20,0.0,0.0,0.266,0.734,0.0,0.0,1.0,1.0
2024-02-29,21,0.0,0.0,0.403,0.597,0.0,0.0,1.0,1.0
2024-02-29,22,0.0,0.0,0.866,0.134,0.0,0.0,1.0,2.0
2024-02-29,23,0.354,0.0,0.433,0.213,2.0,0.0,4.0,1.0
2024-03-01,0,0.0,0.0,0.134,0.866,0.0,0.0,2.0,1.0
2024-03-01,1,0.0,0.0,0.77,0.23,0.0,0.0,1.0,1.0
2024-03-01,2,0.0,0.0,0.679,0.321,0.0,0.0,1.0,1.0
2024-03-01,3,0.0,0.0,0.384,0.616,0.0,0.0,1.0,1.0
2024-03-01,4,0.197,0.0,0.79,0.013,1.0,0.0,2.0,1.0
2024-03-01,5,0.039,0.0,0.744,0.216,1.0,0.0,2.0,2.0
2024-03-01,6,0.587,0.0,0.039,0.374,1.0,0.0,1.0,1.0
2024-03-01,7,0.869,0.131,0.0,0.0,3.0,3.0,0.0,0.0
2024-03-01,8,0.974,0.026,0.0,0.0,1.0,1.0,0.0,0.0
2024-03-01,9,0.246,0.0,0.007,0.748,1.0,0.0,1.0,1.0
2024-03-01,10,0.692,0.0,0.308,0.0,1.0,0.0,1.0,0.0
2024-03-01,11,0.843,0.0,0.039,0.118,1.0,0.0,1.0,1.0
2024-03-01,12,0.41,0.079,0.079,0.433,2.0,1.0,1.0,1.0
2024-03-01,13,0.495,0.0,0.393,0.111,3.0,0.0,3.0,1.0
2024-03-01,14,0.039,0.039,0.393,0.528,1.0,1.0,2.0,2.0
2024-03-01,15,0.42,0.0,0.0,0.58,1.0,0.0,0.0,1.0
2024-03-01,16,1.0,0.0,0.0,0.0,1.0,0.0,0.0,0.0
2024-03-01,17,1.0,0.0,0.0,0.0,1.0,0.0,0.0,0.0
2024-03-01,18,0.295,0.0,0.197,0.508,2.0,0.0,2.0,1.0
2024-03-01,19,0.0,0.0,0.393,0.607,0.0,0.0,1.0,2.0
2024-03-01,20,0.0,0.0,0.58,0.42,0.0,0.0,1.0,1.0
2024-03-01,21,0.0,0.0,0.41,0.59,0.0,0.0,2.0,1.0
2024-03-01,22,0.0,0.0,0.741,0.259,0.0,0.0,1.0,1.0
2024-03-01,23,0.0,0.0,0.669,0.331,0.0,0.0,2.0,1.0
2024-03-02,0,0.134,0.0,0.866,0.0,1.0,0.0,1.0,0.0
2024-03-02,1,0.534,0.0,0.118,0.348,1.0,0.0,1.0,1.0
2024-03-02,2,0.0,0.0,0.915,0.085,0.0,0.0,1.0,1.0
2024-03-02,3,0.0,0.0,0.37,0.63,0.0,0.0,2.0,1.0
2024-03-02,4,0.0,0.0,1.0,0.0,0.0,0.0,1.0,0.0
2024-03-02,5,0.157,0.0,0.803,0.039,1.0,0.0,3.0,1.0
2024-03-02,6,0.154,0.0,0.295,0.551,1.0,0.0,2.0,1.0
2024-03-02,7,1.0,0.0,0.0,0.0,1.0,0.0,0.0,0.0
2024-03-02,8,0.931,0.0,0.069,0.0,1.0,0.0,1.0,0.0
2024-03-02,9,0.0,0.0,0.174,0.826,0.0,0.0,2.0,1.0
2024-03-02,10,0.534,0.0,0.466,0.0,1.0,0.0,1.0,0.0
2024-03-02,11,0.685,0.0,0.079,0.236,4.0,0.0,2.0,3.0
2024-03-02,12,0.0,0.0,0.646,0.354,0.0,0.0,1.0,1.0
2024-03-02,13,0.472,0.0,0.495,0.033,1.0,0.0,2.0,1.0
2024-03-02,14,0.0,0.0,0.128,0.872,0.0,0.0,1.0,1.0
2024-03-02,15,0.931,0.0,0.069,0.0,1.0,0.0,1.0,0.0
2024-03-02,16,1.0,0.0,0.0,0.0,1.0,0.0,0.0,0.0
2024-03-02,17,1.0,0.0,0.0,0.0,1.0,0.0,0.0,0.0
2024-03-02,18,0.413,0.0,0.236,0.351,2.0,0.0,2.0,1.0
2024-03-02,19,0.0,0.0,0.354,0.646,0.0,0.0,1.0,2.0
2024-03-02,20,0.0,0.0,0.63,0.37,0.0,0.0,1.0,2.0
2024-03-02,21,0.0,0.0,0.715,0.285,0.0,0.0,1.0,1.0
2024-03-02,22,0.315,0.0,0.174,0.511,1.0,0.0,2.0,1.0
2024-03-02,23,0.0,0.0,0.921,0.079,0.0,0.0,2.0,1.0
2024-03-03,0,0.0,0.0,0.528,0.472,0.0,0.0,1.0,1.0
2024-03-03,1,0.433,0.0,0.534,0.033,2.0,0.0,2.0,1.0
2024-03-03,2,0.0,0.0,0.325,0.675,0.0,0.0,1.0,1.0
2024-03-03,3,0.0,0.0,0.816,0.184,0.0,0.0,1.0,1.0
2024-03-03,4,0.0,0.0,0.751,0.249,0.0,0.0,1.0,1.0
2024-03-03,5,0.039,0.039,0.843,0.079,1.0,1.0,3.0,1.0
2024-03-03,6,0.075,0.0,0.61,0.315,1.0,0.0,2.0,1.0
2024-03-03,7,1.0,0.0,0.0,0.0,1.0,0.0,0.0,0.0
2024-03-03,8,0.961,0.039,0.0,0.0,2.0,1.0,0.0,0.0
2024-03-03,9,0.567,0.0,0.079,0.354,2.0,0.0,1.0,1.0
2024-03-03,10,0.702,0.0,0.118,0.18,2.0,0.0,1.0,2.0
2024-03-03,11,0.0,0.0,0.511,0.489,0.0,0.0,1.0,1.0
2024-03-03,12,0.725,0.0,0.197,0.079,3.0,0.0,3.0,1.0
2024-03-03,13,0.377,0.0,0.275,0.348,1.0,0.0,1.0,1.0
2024-03-03,14,0.0,0.0,0.393,0.607,0.0,0.0,1.0,2.0
2024-03-03,15,0.774,0.079,0.079,0.069,3.0,2.0,1.0,1.0
2024-03-03,16,1.0,0.0,0.0,0.0,1.0,0.0,0.0,0.0
2024-03-03,17,1.0,0.0,0.0,0.0,1.0,0.0,0.0,0.0
2024-03-03,18,0.334,0.039,0.157,0.469,1.0,1.0,1.0,1.0
2024-03-03,19,0.0,0.0,0.63,0.37,0.0,0.0,1.0,2.0
2024-03-03,20,0.315,0.0,0.236,0.449,1.0,0.0,2.0,3.0
2024-03-03,21,0.039,0.0,0.597,0.364,1.0,0.0,1.0,1.0
2024-03-03,22,0.0,0.0,0.623,0.377,0.0,0.0,3.0,3.0
2024-03-03,23,0.0,0.0,0.433,0.567,0.0,0.0,1.0,2.0
2024-03-04,0,0.567,0.0,0.433,0.0,1.0,0.0,1.0,0.0
2024-03-04,1,0.338,0.0,0.197,0.466,1.0,0.0,2.0,2.0
2024-03-04,2,0.0,0.0,0.875,0.125,0.0,0.0,1.0,1.0
2024-03-04,3,0.0,0.0,0.895,0.105,0.0,0.0,1.0,1.0
2024-03-04,4,0.157,0.0,0.554,0.289,1.0,0.0,2.0,1.0
2024-03-04,5,0.079,0.0,0.666,0.256,1.0,0.0,2.0,1.0
2024-03-04,6,0.626,0.0,0.039,0.334,1.0,0.0,1.0,2.0
2024-03-04,7,1.0,0.0,0.0,0.0,1.0,0.0,0.0,0.0
2024-03-04,8,1.0,0.0,0.0,0.0,1.0,0.0,0.0,0.0
2024-03-04,9,0.285,0.039,0.164,0.511,3.0,1.0,3.0,1.0
2024-03-04,10,0.63,0.0,0.37,0.0,1.0,0.0,2.0,0.0
2024-03-04,11,0.079,0.0,0.489,0.433,1.0,0.0,2.0,1.0
2024-03-04,12,1.0,0.0,0.0,0.0,1.0,0.0,0.0,0.0
2024-03-04,13,0.534,0.0,0.275,0.19,4.0,0.0,3.0,3.0
2024-03-04,14,0.079,0.0,0.364,0.557,1.0,0.0,2.0,2.0
2024-03-04,15,0.262,0.0,0.305,0.433,1.0,0.0,1.0,1.0
2024-03-04,16,1.0,0.0,0.0,0.0,2.0,0.0,0.0,0.0
2024-03-04,17,1.0,0.0,0.0,0.0,1.0,0.0,0.0,0.0
2024-03-04,18,0.531,0.0,0.039,0.43,1.0,0.0,1.0,1.0
2024-03-04,19,0.0,0.0,0.249,0.751,0.0,0.0,1.0,1.0
2024-03-04,20,0.0,0.0,0.695,0.305,0.0,0.0,1.0,1.0
2024-03-04,21,0.708,0.0,0.0,0.292,1.0,0.0,0.0,2.0
2024-03-04,22,0.0,0.0,0.023,0.977,0.0,0.0,1.0,1.0
2024-03-04,23,0.0,0.0,0.803,0.197,0.0,0.0,2.0,1.0
2024-03-05,0,0.275,0.0,0.174,0.551,1.0,0.0,1.0,1.0
2024-03-05,1,0.0,0.0,0.613,0.387,0.0,0.0,1.0,1.0
2024-03-05,2,0.0,0.0,0.521,0.479,0.0,0.0,1.0,1.0
2024-03-05,3,0.039,0.0,0.961,0.0,1.0,0.0,2.0,0.0
2024-03-05,4,0.0,0.0,0.839,0.161,0.0,0.0,1.0,1.0
2024-03-05,5,0.02,0.0,0.63,0.351,1.0,0.0,1.0,1.0
2024-03-05,6,0.292,0.0,0.708,0.0,2.0,0.0,1.0,0.0
2024-03-05,7,0.593,0.0,0.393,0.013,1.0,0.0,1.0,1.0
2024-03-05,8,0.0,0.0,0.344,0.656,0.0,0.0,2.0,2.0
2024-03-05,9,0.748,0.0,0.252,0.0,2.0,0.0,3.0,0.0
2024-03-05,10,0.551,0.102,0.348,0.0,2.0,2.0,1.0,0.0
2024-03-05,11,0.787,0.056,0.118,0.039,2.0,2.0,1.0,1.0
2024-03-05,12,0.567,0.0,0.039,0.393,2.0,0.0,1.0,1.0
2024-03-05,13,0.456,0.0,0.23,0.315,2.0,0.0,2.0,1.0
2024-03-05,14,0.079,0.0,0.597,0.325,1.0,0.0,2.0,1.0
2024-03-05,15,0.42,0.0,0.275,0.305,1.0,0.0,1.0,1.0
2024-03-05,16,1.0,0.0,0.0,0.0,1.0,0.0,0.0,0.0
2024-03-05,17,1.0,0.0,0.0,0.0,1.0,0.0,0.0,0.0
2024-03-05,18,0.57,0.0,0.079,0.351,1.0,0.0,1.0,1.0
2024-03-05,19,0.0,0.0,0.21,0.79,0.0,0.0,1.0,1.0
2024-03-05,20,0.0,0.0,0.42,0.58,0.0,0.0,1.0,1.0
2024-03-05,21,0.0,0.0,0.0,1.0,0.0,0.0,0.0,1.0
2024-03-05,22,0.0,0.0,0.967,0.033,0.0,0.0,1.0,1.0
2024-03-05,23,0.157,0.0,0.37,0.472,1.0,0.0,2.0,2.0
2024-03-06,0,0.0,0.0,0.725,0.275,0.0,0.0,1.0,1.0
2024-03-06,1,0.0,0.0,0.652,0.348,0.0,0.0,1.0,1.0
2024-03-06,2,0.0,0.0,0.639,0.361,0.0,0.0,1.0,1.0
2024-03-06,3,0.0,0.0,0.934,0.066,0.0,0.0,1.0,1.0
2024-03-06,4,0.121,0.0,0.236,0.643,2.0,0.0,2.0,2.0
2024-03-06,5,0.115,0.0,0.885,0.0,1.0,0.0,1.0,0.0
2024-03-06,6,0.508,0.0,0.492,0.0,1.0,0.0,1.0,0.0
2024-03-06,7,1.0,0.0,0.0,0.0,1.0,0.0,0.0,0.0
2024-03-06,8,0.616,0.039,0.039,0.305,2.0,1.0,1.0,1.0
2024-03-06,9,0.243,0.0,0.157,0.6,1.0,0.0,1.0,1.0
2024-03-06,10,0.505,0.0,0.157,0.338,1.0,0.0,1.0,1.0
2024-03-06,11,0.748,0.0,0.039,0.213,1.0,0.0,1.0,1.0
2024-03-06,12,0.354,0.0,0.472,0.174,3.0,0.0,3.0,2.0
2024-03-06,13,0.505,0.0,0.275,0.22,2.0,0.0,2.0,2.0
2024-03-06,14,0.282,0.039,0.157,0.521,2.0,1.0,2.0,1.0
2024-03-06,15,0.38,0.0,0.393,0.226,1.0,0.0,1.0,1.0
2024-03-06,16,1.0,0.0,0.0,0.0,1.0,0.0,0.0,0.0
2024-03-06,17,1.0,0.0,0.0,0.0,1.0,0.0,0.0,0.0
2024-03-06,18,0.452,0.0,0.118,0.43,1.0,0.0,1.0,1.0
2024-03-06,19,0.118,0.0,0.275,0.607,1.0,0.0,1.0,2.0
2024-03-06,20,0.0,0.0,0.384,0.616,0.0,0.0,1.0,1.0
2024-03-06,21,0.0,0.0,0.364,0.636,0.0,0.0,1.0,1.0
2024-03-06,22,0.0,0.0,0.731,0.269,0.0,0.0,1.0,1.0
2024-03-06,23,0.0,0.0,0.607,0.393,0.0,0.0,4.0,4.0
2024-03-07,0,0.0,0.0,0.882,0.118,0.0,0.0,2.0,1.0
2024-03-07,1,0.0,0.0,0.928,0.072,0.0,0.0,1.0,1.0
2024-03-07,2,0.0,0.0,0.167,0.833,0.0,0.0,2.0,2.0
2024-03-07,3,0.0,0.0,1.0,0.0,0.0,0.0,1.0,0.0
2024-03-07,4,0.121,0.0,0.879,0.0,2.0,0.0,2.0,0.0
2024-03-07,5,0.115,0.0,0.551,0.334,1.0,0.0,1.0,1.0
2024-03-07,6,0.39,0.0,0.472,0.138,1.0,0.0,3.0,3.0
2024-03-07,7,0.607,0.0,0.393,0.0,4.0,0.0,3.0,0.0
2024-03-07,8,0.961,0.039,0.0,0.0,2.0,1.0,0.0,0.0
2024-03-07,9,0.292,0.0,0.157,0.551,2.0,0.0,2.0,1.0
2024-03-07,10,1.0,0.0,0.0,0.0,1.0,0.0,0.0,0.0
2024-03-07,11,0.134,0.0,0.039,0.826,2.0,0.0,1.0,1.0
2024-03-07,12,0.803,0.0,0.0,0.197,1.0,0.0,0.0,1.0
2024-03-07,13,0.416,0.472,0.111,0.0,2.0,1.0,2.0,0.0
2024-03-07,14,0.0,0.472,0.4,0.128,0.0,3.0,4.0,1.0
2024-03-07,15,0.0,0.0,0.59,0.41,0.0,0.0,1.0,2.0
2024-03-07,16,0.948,0.0,0.0,0.052,1.0,0.0,0.0,1.0
2024-03-07,17,1.0,0.0,0.0,0.0,1.0,0.0,0.0,0.0
2024-03-07,18,0.059,0.787,0.154,0.0,1.0,1.0,1.0,0.0
2024-03-07,19,0.0,0.315,0.161,0.525,0.0,1.0,2.0,1.0
2024-03-07,20,0.0,0.0,0.748,0.252,0.0,0.0,1.0,2.0
2024-03-07,21,0.754,0.0,0.079,0.167,2.0,0.0,1.0,1.0
2024-03-07,22,0.466,0.0,0.102,0.433,2.0,0.0,2.0,1.0
2024-03-07,23,0.157,0.0,0.134,0.708,1.0,0.0,2.0,1.0
2024-03-08,0,0.843,0.0,0.157,0.0,2.0,0.0,1.0,0.0
2024-03-08,1,0.338,0.0,0.197,0.466,2.0,0.0,2.0,1.0
2024-03-08,2,0.0,0.0,0.63,0.37,0.0,0.0,1.0,2.0
2024-03-08,3,0.0,0.0,0.262,0.738,0.0,0.0,1.0,1.0
2024-03-08,4,0.039,0.0,0.41,0.551,1.0,0.0,2.0,2.0
2024-03-08,5,0.157,0.0,0.567,0.275,1.0,0.0,3.0,2.0
2024-03-08,6,0.508,0.0,0.256,0.236,1.0,0.0,1.0,1.0
2024-03-08,7,1.0,0.0,0.0,0.0,1.0,0.0,0.0,0.0
2024-03-08,8,0.42,0.0,0.148,0.433,1.0,0.0,1.0,1.0
2024-03-08,9,0.518,0.0,0.285,0.197,1.0,0.0,1.0,1.0
2024-03-08,10,0.19,0.0,0.039,0.77,1.0,0.0,1.0,1.0
2024-03-08,11,0.59,0.0,0.0,0.41,1.0,0.0,0.0,1.0
2024-03-08,12,0.905,0.0,0.039,0.056,1.0,0.0,1.0,1.0
2024-03-08,13,0.151,0.0,0.393,0.456,2.0,0.0,2.0,1.0
2024-03-08,14,0.007,0.0,0.393,0.6,1.0,0.0,1.0,1.0
2024-03-08,15,0.695,0.0,0.118,0.187,1.0,0.0,1.0,1.0
2024-03-08,16,1.0,0.0,0.0,0.0,1.0,0.0,0.0,0.0
2024-03-08,17,0.646,0.0,0.079,0.275,3.0,0.0,2.0,1.0
2024-03-08,18,0.452,0.0,0.193,0.354,1.0,0.0,2.0,1.0
2024-03-08,19,0.0,0.0,0.397,0.603,0.0,0.0,1.0,1.0
2024-03-08,20,0.0,0.0,0.511,0.489,0.0,0.0,1.0,2.0
2024-03-08,21,0.125,0.0,0.63,0.246,1.0,0.0,1.0,1.0
2024-03-08,22,0.741,0.0,0.039,0.22,1.0,0.0,1.0,1.0
2024-03-08,23,0.315,0.0,0.315,0.37,2.0,0.0,1.0,2.0
2024-03-09,0,0.0,0.0,0.489,0.511,0.0,0.0,1.0,1.0
2024-03-09,1,0.269,0.0,0.259,0.472,1.0,0.0,2.0,1.0
2024-03-09,2,0.439,0.0,0.236,0.325,1.0,0.0,1.0,1.0
2024-03-09,3,0.0,0.0,0.538,0.462,0.0,0.0,1.0,1.0
2024-03-09,4,0.0,0.0,0.485,0.515,0.0,0.0,1.0,1.0
2024-03-09,5,0.039,0.0,0.689,0.272,1.0,0.0,2.0,1.0
2024-03-09,6,0.036,0.0,0.767,0.197,1.0,0.0,2.0,1.0
2024-03-09,7,1.0,0.0,0.0,0.0,1.0,0.0,0.0,0.0
2024-03-09,8,1.0,0.0,0.0,0.0,1.0,0.0,0.0,0.0
2024-03-09,9,0.01,0.0,0.439,0.551,1.0,0.0,2.0,1.0
2024-03-09,10,0.889,0.0,0.111,0.0,1.0,0.0,1.0,0.0
2024-03-09,11,0.921,0.0,0.0,0.079,2.0,0.0,0.0,1.0
2024-03-09,12,0.63,0.0,0.0,0.37,1.0,0.0,0.0,1.0
2024-03-09,13,0.236,0.0,0.393,0.37,1.0,0.0,1.0,2.0
2024-03-09,14,0.0,0.0,0.561,0.439,0.0,0.0,2.0,2.0
2024-03-09,15,0.852,0.0,0.148,0.0,1.0,0.0,1.0,0.0
2024-03-09,16,1.0,0.0,0.0,0.0,1.0,0.0,0.0,0.0
2024-03-09,17,1.0,0.0,0.0,0.0,1.0,0.0,0.0,0.0
2024-03-09,18,0.295,0.157,0.079,0.469,2.0,2.0,2.0,2.0
2024-03-09,19,0.0,0.0,0.525,0.475,0.0,0.0,1.0,1.0
2024-03-09,20,0.0,0.0,0.066,0.934,0.0,0.0,1.0,1.0
2024-03-09,21,0.0,0.0,0.826,0.174,0.0,0.0,1.0,2.0
2024-03-09,22,0.692,0.0,0.0,0.308,1.0,0.0,0.0,1.0
2024-03-09,23,0.252,0.0,0.157,0.59,1.0,0.0,1.0,2.0
2024-03-10,0,0.0,0.0,0.725,0.275,0.0,0.0,1.0,1.0
2024-03-10,1,0.0,0.0,0.331,0.669,0.0,0.0,2.0,1.0
2024-03-10,2,0.0,0.0,0.793,0.207,0.0,0.0,1.0,1.0
2024-03-10,3,0.0,0.0,0.38,0.62,0.0,0.0,1.0,1.0
2024-03-10,4,0.043,0.0,0.643,0.315,1.0,0.0,1.0,1.0
2024-03-10,5,0.233,0.0,0.767,0.0,2.0,0.0,2.0,0.0
2024-03-10,6,0.036,0.0,0.295,0.669,1.0,0.0,2.0,1.0
2024-03-10,7,1.0,0.0,0.0,0.0,1.0,0.0,0.0,0.0
2024-03-10,8,1.0,0.0,0.0,0.0,1.0,0.0,0.0,0.0
2024-03-10,9,0.954,0.0,0.0,0.046,1.0,0.0,0.0,1.0
2024-03-10,10,0.0,0.0,0.298,0.702,0.0,0.0,1.0,1.0
2024-03-10,11,0.157,0.0,0.567,0.275,1.0,0.0,1.0,1.0
2024-03-10,12,1.0,0.0,0.0,0.0,1.0,0.0,0.0,0.0
2024-03-10,13,0.495,0.0,0.308,0.197,1.0,0.0,2.0,1.0
2024-03-10,14,0.01,0.0,0.439,0.551,1.0,0.0,2.0,1.0
2024-03-10,15,1.0,0.0,0.0,0.0,1.0,0.0,0.0,0.0
2024-03-10,16,0.997,0.0,0.003,0.0,1.0,0.0,1.0,0.0
2024-03-10,17,0.393,0.57,0.036,0.0,1.0,1.0,1.0,0.0
2024-03-10,18,0.0,0.846,0.0,0.154,0.0,1.0,0.0,1.0
2024-03-10,19,0.0,0.275,0.118,0.607,0.0,1.0,2.0,3.0
2024-03-10,20,0.433,0.0,0.157,0.41,1.0,0.0,1.0,2.0
2024-03-10,21,0.354,0.0,0.164,0.482,2.0,0.0,2.0,1.0
2024-03-10,22,0.826,0.0,0.072,0.102,2.0,0.0,2.0,1.0
2024-03-10,23,0.0,0.0,0.315,0.685,0.0,0.0,1.0,2.0
2024-03-11,0,0.0,0.0,0.275,0.725,0.0,0.0,1.0,1.0
2024-03-11,1,0.0,0.0,0.708,0.292,0.0,0.0,1.0,2.0
2024-03-11,2,0.197,0.0,0.315,0.489,1.0,0.0,1.0,2.0
2024-03-11,3,0.0,0.0,0.656,0.344,0.0,0.0,1.0,1.0
2024-03-11,4,0.079,0.0,0.37,0.551,1.0,0.0,3.0,2.0
2024-03-11,5,0.0,0.0,0.666,0.334,0.0,0.0,1.0,1.0
2024-03-11,6,0.511,0.0,0.115,0.374,1.0,0.0,1.0,1.0
2024-03-11,7,0.17,0.0,0.161,0.669,1.0,0.0,1.0,1.0
2024-03-11,8,0.656,0.0,0.344,0.0,2.0,0.0,2.0,0.0
2024-03-11,9,0.675,0.0,0.128,0.197,1.0,0.0,1.0,1.0
2024-03-11,10,0.584,0.0,0.236,0.18,1.0,0.0,1.0,1.0
2024-03-11,11,0.0,0.0,0.511,0.489,0.0,0.0,1.0,1.0
2024-03-11,12,0.843,0.0,0.157,0.0,1.0,0.0,1.0,0.0
2024-03-11,13,0.692,0.0,0.275,0.033,2.0,0.0,2.0,1.0
2024-03-11,14,0.0,0.0,0.128,0.872,0.0,0.0,3.0,3.0
2024-03-11,15,0.852,0.0,0.148,0.0,1.0,0.0,1.0,0.0
2024-03-11,16,0.921,0.079,0.0,0.0,2.0,1.0,0.0,0.0
2024-03-11,17,0.862,0.138,0.0,0.0,2.0,2.0,0.0,0.0
2024-03-11,18,0.472,0.02,0.0,0.508,1.0,1.0,0.0,1.0
2024-03-11,19,0.0,0.0,0.21,0.79,0.0,0.0,1.0,1.0
2024-03-11,20,0.0,0.0,0.813,0.187,0.0,0.0,1.0,1.0
2024-03-11,21,0.0,0.0,0.479,0.521,0.0,0.0,1.0,1.0
2024-03-11,22,0.157,0.0,0.19,0.652,1.0,0.0,2.0,1.0
2024-03-11,23,0.0,0.0,0.551,0.449,0.0,0.0,2.0,1.0
2024-03-12,0,0.41,0.0,0.59,0.0,1.0,0.0,1.0,0.0
2024-03-12,1,0.495,0.0,0.157,0.348,1.0,0.0,1.0,1.0
2024-03-12,2,0.0,0.0,0.089,0.911,0.0,0.0,1.0,1.0
2024-03-12,3,0.0,0.0,1.0,0.0,0.0,0.0,1.0,0.0
2024-03-12,4,0.239,0.118,0.131,0.511,3.0,2.0,2.0,1.0
2024-03-12,5,0.115,0.0,0.551,0.334,1.0,0.0,1.0,1.0
2024-03-12,6,0.43,0.0,0.275,0.295,1.0,0.0,1.0,1.0
2024-03-12,7,1.0,0.0,0.0,0.0,1.0,0.0,0.0,0.0
2024-03-12,8,0.105,0.0,0.423,0.472,2.0,0.0,2.0,1.0
2024-03-12,9,0.439,0.0,0.128,0.433,1.0,0.0,1.0,1.0
2024-03-12,10,0.82,0.157,0.023,0.0,3.0,2.0,1.0,0.0
2024-03-12,11,0.0,0.0,0.331,0.669,0.0,0.0,2.0,1.0
2024-03-12,12,0.0,0.0,1.0,0.0,0.0,0.0,1.0,0.0
2024-03-12,13,0.59,0.0,0.41,0.0,2.0,0.0,3.0,0.0
2024-03-12,14,0.197,0.0,0.518,0.285,2.0,0.0,3.0,1.0
2024-03-12,15,0.341,0.0,0.157,0.502,1.0,0.0,1.0,1.0
2024-03-12,16,0.643,0.239,0.118,0.0,1.0,2.0,1.0,0.0
2024-03-12,17,0.728,0.272,0.0,0.0,1.0,1.0,0.0,0.0
2024-03-12,18,0.925,0.0,0.039,0.036,1.0,0.0,1.0,1.0
2024-03-12,19,0.0,0.0,0.0,1.0,0.0,0.0,0.0,1.0
2024-03-12,20,0.187,0.0,0.472,0.341,1.0,0.0,1.0,1.0
2024-03-12,21,0.285,0.0,0.4,0.315,1.0,0.0,2.0,1.0
2024-03-12,22,0.433,0.0,0.151,0.416,1.0,0.0,2.0,2.0
2024-03-12,23,0.0,0.0,0.511,0.489,0.0,0.0,2.0,1.0
2024-03-13,0,0.0,0.0,0.315,0.685,0.0,0.0,1.0,1.0
2024-03-13,1,0.0,0.0,0.859,0.141,0.0,0.0,1.0,1.0
2024-03-13,2,0.118,0.0,0.479,0.403,1.0,0.0,2.0,2.0
2024-03-13,3,0.0,0.0,0.302,0.698,0.0,0.0,1.0,1.0
2024-03-13,4,0.118,0.039,0.843,0.0,2.0,1.0,2.0,0.0
2024-03-13,5,0.0,0.0,0.626,0.374,0.0,0.0,1.0,1.0
2024-03-13,6,0.43,0.0,0.472,0.098,1.0,0.0,1.0,1.0
2024-03-13,7,0.843,0.118,0.039,0.0,2.0,2.0,1.0,0.0
2024-03-13,8,0.774,0.039,0.157,0.03,3.0,1.0,2.0,1.0
2024-03-13,9,0.557,0.0,0.0,0.443,1.0,0.0,0.0,1.0
2024-03-13,10,0.348,0.0,0.157,0.495,2.0,0.0,2.0,2.0
2024-03-13,11,0.354,0.0,0.433,0.213,1.0,0.0,1.0,1.0
2024-03-13,12,0.944,0.0,0.056,0.0,1.0,0.0,1.0,0.0
2024-03-13,13,0.23,0.0,0.338,0.433,1.0,0.0,2.0,1.0
2024-03-13,14,0.439,0.039,0.521,0.0,5.0,1.0,4.0,0.0
2024-03-13,15,0.0,0.0,0.37,0.63,0.0,0.0,2.0,1.0
2024-03-13,16,0.633,0.0,0.17,0.197,1.0,0.0,1.0,1.0
2024-03-13,17,1.0,0.0,0.0,0.0,1.0,0.0,0.0,0.0
2024-03-13,18,0.767,0.0,0.0,0.233,1.0,0.0,0.0,1.0
2024-03-13,19,0.0,0.0,0.328,0.672,0.0,0.0,1.0,1.0
2024-03-13,20,0.039,0.0,0.41,0.551,1.0,0.0,2.0,1.0
2024-03-13,21,0.0,0.0,0.718,0.282,0.0,0.0,1.0,1.0
2024-03-13,22,0.118,0.0,0.59,0.292,1.0,0.0,1.0,2.0
2024-03-13,23,0.0,0.0,0.236,0.764,0.0,0.0,2.0,1.0
2024-03-14,0,0.0,0.0,0.59,0.41,0.0,0.0,1.0,1.0
2024-03-14,1,0.0,0.0,0.977,0.023,0.0,0.0,1.0,1.0
2024-03-14,2,0.0,0.0,0.213,0.787,0.0,0.0,2.0,1.0
2024-03-14,3,0.0,0.0,1.0,0.0,0.0,0.0,1.0,0.0
2024-03-14,4,0.0,0.0,1.0,0.0,0.0,0.0,1.0,0.0
2024-03-14,5,0.0,0.0,0.705,0.295,0.0,0.0,2.0,2.0
2024-03-14,6,0.626,0.0,0.197,0.177,1.0,0.0,1.0,1.0
2024-03-14,7,0.397,0.0,0.354,0.249,2.0,0.0,2.0,1.0
2024-03-14,8,0.354,0.118,0.275,0.252,2.0,1.0,1.0,2.0
2024-03-14,9,0.557,0.0,0.039,0.403,1.0,0.0,1.0,1.0
2024-03-14,10,0.331,0.0,0.354,0.315,4.0,0.0,2.0,1.0
2024-03-14,11,0.528,0.0,0.197,0.275,2.0,0.0,2.0,1.0
2024-03-14,12,0.63,0.0,0.095,0.275,1.0,0.0,1.0,1.0
2024-03-14,13,0.118,0.0,0.41,0.472,1.0,0.0,3.0,1.0
2024-03-14,14,0.118,0.0,0.607,0.275,1.0,0.0,3.0,1.0
2024-03-14,15,0.184,0.433,0.384,0.0,1.0,2.0,2.0,0.0
2024-03-14,16,1.0,0.0,0.0,0.0,1.0,0.0,0.0,0.0
2024-03-14,17,0.961,0.039,0.0,0.0,2.0,1.0,0.0,0.0
2024-03-14,18,0.767,0.0,0.079,0.154,1.0,0.0,1.0,1.0
2024-03-14,19,0.0,0.0,0.472,0.528,0.0,0.0,1.0,2.0
2024-03-14,20,0.0,0.0,0.502,0.498,0.0,0.0,1.0,1.0
2024-03-14,21,0.039,0.0,0.449,0.511,1.0,0.0,3.0,1.0
2024-03-14,22,0.0,0.0,0.898,0.102,0.0,0.0,1.0,1.0
2024-03-14,23,0.0,0.0,0.63,0.37,0.0,0.0,3.0,2.0
2024-03-15,0,0.0,0.0,0.331,0.669,0.0,0.0,2.0,1.0
2024-03-15,1,0.111,0.0,0.889,0.0,1.0,0.0,1.0,0.0
2024-03-15,2,0.243,0.0,0.472,0.285,1.0,0.0,1.0,1.0
2024-03-15,3,0.0,0.0,0.695,0.305,0.0,0.0,1.0,1.0
2024-03-15,4,0.039,0.039,0.921,0.0,1.0,1.0,2.0,0.0
2024-03-15,5,0.039,0.0,0.882,0.079,1.0,0.0,3.0,1.0
2024-03-15,6,0.0,0.0,1.0,0.0,0.0,0.0,1.0,0.0
2024-03-15,7,0.918,0.0,0.082,0.0,1.0,0.0,1.0,0.0
2024-03-15,8,0.843,0.157,0.0,0.0,4.0,3.0,0.0,0.0
2024-03-15,9,0.292,0.0,0.039,0.669,2.0,0.0,1.0,1.0
2024-03-15,10,0.921,0.079,0.0,0.0,2.0,1.0,0.0,0.0
2024-03-15,11,0.174,0.511,0.118,0.197,3.0,4.0,2.0,1.0
2024-03-15,12,0.551,0.095,0.079,0.275,1.0,2.0,1.0,1.0
2024-03-15,13,0.511,0.023,0.23,0.236,3.0,1.0,3.0,1.0
2024-03-15,14,0.118,0.0,0.37,0.511,1.0,0.0,3.0,1.0
2024-03-15,15,0.0,0.0,0.37,0.63,0.0,0.0,2.0,1.0
2024-03-15,16,0.672,0.039,0.289,0.0,2.0,1.0,1.0,0.0
2024-03-15,17,0.961,0.039,0.0,0.0,2.0,1.0,0.0,0.0
2024-03-15,18,0.725,0.197,0.079,0.0,4.0,2.0,1.0,0.0
2024-03-15,19,0.003,0.0,0.0,0.997,1.0,0.0,0.0,1.0
2024-03-15,20,0.0,0.0,0.433,0.567,0.0,0.0,1.0,2.0
2024-03-15,21,0.0,0.0,0.518,0.482,0.0,0.0,1.0,1.0
2024-03-15,22,0.0,0.0,0.213,0.787,0.0,0.0,2.0,1.0
2024-03-15,23,0.0,0.0,0.685,0.315,0.0,0.0,2.0,1.0
2024-03-16,0,0.0,0.0,0.567,0.433,0.0,0.0,1.0,1.0
2024-03-16,1,0.0,0.0,0.416,0.584,0.0,0.0,1.0,1.0
2024-03-16,2,0.0,0.0,0.836,0.164,0.0,0.0,1.0,1.0
2024-03-16,3,0.0,0.0,0.252,0.748,0.0,0.0,2.0,1.0
2024-03-16,4,0.0,0.0,1.0,0.0,0.0,0.0,1.0,0.0
2024-03-16,5,0.118,0.0,0.882,0.0,1.0,0.0,2.0,0.0
2024-03-16,6,0.0,0.0,0.452,0.548,0.0,0.0,1.0,1.0
2024-03-16,7,0.879,0.0,0.079,0.043,1.0,0.0,1.0,1.0
2024-03-16,8,0.961,0.039,0.0,0.0,2.0,1.0,0.0,0.0
2024-03-16,9,0.639,0.079,0.118,0.164,2.0,1.0,1.0,1.0
2024-03-16,10,0.77,0.039,0.079,0.111,2.0,1.0,1.0,1.0
2024-03-16,11,0.725,0.039,0.118,0.118,4.0,1.0,2.0,1.0
2024-03-16,12,0.174,0.0,0.0,0.826,1.0,0.0,0.0,1.0
2024-03-16,13,0.652,0.039,0.308,0.0,2.0,1.0,2.0,0.0
2024-03-16,14,0.718,0.197,0.007,0.079,2.0,1.0,1.0,1.0
2024-03-16,15,0.266,0.0,0.42,0.315,2.0,0.0,2.0,1.0
2024-03-16,16,0.711,0.157,0.052,0.079,3.0,2.0,1.0,1.0
2024-03-16,17,1.0,0.0,0.0,0.0,1.0,0.0,0.0,0.0
2024-03-16,18,0.216,0.0,0.079,0.705,1.0,0.0,1.0,1.0
2024-03-16,19,0.0,0.0,0.63,0.37,0.0,0.0,1.0,2.0
2024-03-16,20,0.0,0.0,0.384,0.616,0.0,0.0,1.0,1.0
2024-03-16,21,0.282,0.0,0.718,0.0,1.0,0.0,1.0,0.0
2024-03-16,22,1.0,0.0,0.0,0.0,1.0,0.0,0.0,0.0
2024-03-16,23,0.292,0.0,0.0,0.708,1.0,0.0,0.0,2.0
2024-03-17,0,0.236,0.0,0.433,0.331,1.0,0.0,1.0,1.0
2024-03-17,1,0.0,0.0,0.426,0.574,0.0,0.0,1.0,1.0
2024-03-17,2,0.039,0.0,0.675,0.285,1.0,0.0,2.0,1.0
2024-03-17,3,0.0,0.0,0.616,0.384,0.0,0.0,1.0,1.0
2024-03-17,4,0.0,0.0,1.0,0.0,0.0,0.0,1.0,0.0
2024-03-17,5,0.157,0.0,0.685,0.157,1.0,0.0,2.0,1.0
2024-03-17,6,0.823,0.0,0.177,0.0,1.0,0.0,1.0,0.0
2024-03-17,7,0.593,0.039,0.17,0.197,3.0,1.0,2.0,1.0
2024-03-17,8,0.03,0.0,0.223,0.748,1.0,0.0,2.0,1.0
2024-03-17,9,0.521,0.0,0.479,0.0,1.0,0.0,1.0,0.0
2024-03-17,10,0.613,0.0,0.033,0.354,1.0,0.0,1.0,1.0
2024-03-17,11,0.489,0.0,0.157,0.354,1.0,0.0,1.0,1.0
2024-03-17,12,0.174,0.039,0.433,0.354,2.0,1.0,1.0,1.0
2024-03-17,13,0.456,0.039,0.505,0.0,2.0,1.0,1.0,0.0
2024-03-17,14,0.915,0.0,0.085,0.0,1.0,0.0,1.0,0.0
2024-03-17,15,1.0,0.0,0.0,0.0,1.0,0.0,0.0,0.0
2024-03-17,16,0.961,0.0,0.039,0.0,2.0,0.0,1.0,0.0
2024-03-17,17,0.921,0.0,0.0,0.079,2.0,0.0,0.0,1.0
2024-03-17,18,0.728,0.0,0.0,0.272,2.0,0.0,0.0,2.0
2024-03-17,19,0.039,0.0,0.249,0.711,1.0,0.0,1.0,1.0
2024-03-17,20,0.0,0.0,0.213,0.787,0.0,0.0,2.0,1.0
2024-03-17,21,0.085,0.0,0.718,0.197,1.0,0.0,1.0,1.0
2024-03-17,22,0.426,0.0,0.197,0.377,1.0,0.0,1.0,1.0
2024-03-17,23,0.0,0.0,0.551,0.449,1.0,0.0,1.0,1.0
2024-03-18,0,0.0,0.0,0.866,0.134,0.0,0.0,1.0,1.0
2024-03-18,1,0.0,0.0,0.584,0.416,0.0,0.0,1.0,1.0
2024-03-18,2,0.0,0.0,1.0,0.0,0.0,0.0,1.0,0.0
2024-03-18,3,0.0,0.0,0.449,0.551,0.0,0.0,2.0,1.0
2024-03-18,4,0.079,0.039,0.882,0.0,1.0,1.0,2.0,0.0
2024-03-18,5,0.118,0.0,0.666,0.216,1.0,0.0,2.0,1.0
2024-03-18,6,0.39,0.0,0.354,0.256,1.0,0.0,2.0,2.0
2024-03-18,7,1.0,0.0,0.0,0.0,1.0,0.0,0.0,0.0
2024-03-18,8,0.734,0.0,0.118,0.148,1.0,0.0,1.0,1.0
2024-03-18,9,0.0,0.0,0.439,0.561,0.0,0.0,1.0,1.0
2024-03-18,10,0.81,0.039,0.151,0.0,3.0,1.0,2.0,0.0
2024-03-18,11,0.685,0.0,0.0,0.315,1.0,0.0,0.0,1.0
2024-03-18,12,0.0,0.0,0.213,0.787,0.0,0.0,1.0,1.0
2024-03-18,13,0.59,0.0,0.41,0.0,1.0,0.0,2.0,0.0
2024-03-18,14,0.433,0.118,0.37,0.079,4.0,2.0,3.0,1.0
2024-03-18,15,0.38,0.0,0.069,0.551,1.0,0.0,1.0,1.0
2024-03-18,16,1.0,0.0,0.0,0.0,1.0,0.0,0.0,0.0
2024-03-18,17,0.921,0.079,0.0,0.0,2.0,1.0,0.0,0.0
2024-03-18,18,0.728,0.0,0.039,0.233,2.0,0.0,1.0,1.0
2024-03-18,19,0.0,0.0,0.0,1.0,0.0,0.0,0.0,1.0
2024-03-18,20,0.0,0.0,0.63,0.37,0.0,0.0,1.0,2.0
2024-03-18,21,0.203,0.0,0.079,0.718,1.0,0.0,1.0,1.0
2024-03-18,22,0.662,0.0,0.118,0.22,1.0,0.0,1.0,1.0
2024-03-18,23,0.472,0.0,0.275,0.252,2.0,0.0,3.0,2.0
2024-03-19,0,0.0,0.0,0.292,0.708,0.0,0.0,2.0,2.0
2024-03-19,1,0.0,0.0,0.534,0.466,0.0,0.0,1.0,1.0
2024-03-19,2,0.0,0.0,0.718,0.282,0.0,0.0,1.0,1.0
2024-03-19,3,0.0,0.0,0.344,0.656,0.0,0.0,1.0,1.0
2024-03-19,4,0.197,0.0,0.79,0.013,1.0,0.0,2.0,1.0
2024-03-19,5,0.0,0.0,0.902,0.098,0.0,0.0,1.0,1.0
2024-03-19,6,0.351,0.0,0.157,0.492,1.0,0.0,1.0,1.0
2024-03-19,7,1.0,0.0,0.0,0.0,1.0,0.0,0.0,0.0
2024-03-19,8,0.577,0.079,0.344,0.0,1.0,1.0,1.0,0.0
2024-03-19,9,0.118,0.007,0.639,0.236,1.0,1.0,1.0,1.0
2024-03-19,10,0.534,0.23,0.157,0.079,3.0,2.0,1.0,1.0
2024-03-19,11,0.252,0.0,0.197,0.551,1.0,0.0,2.0,1.0
2024-03-19,12,0.252,0.0,0.472,0.275,1.0,0.0,2.0,2.0
2024-03-19,13,0.613,0.157,0.151,0.079,2.0,1.0,2.0,1.0
2024-03-19,14,0.157,0.0,0.518,0.325,2.0,0.0,3.0,1.0
2024-03-19,15,0.302,0.0,0.393,0.305,1.0,0.0,1.0,1.0
2024-03-19,16,1.0,0.0,0.0,0.0,1.0,0.0,0.0,0.0
2024-03-19,17,0.764,0.236,0.0,0.0,4.0,3.0,0.0,0.0
2024-03-19,18,0.843,0.157,0.0,0.0,2.0,1.0,0.0,0.0
2024-03-19,19,0.121,0.0,0.0,0.879,1.0,0.0,0.0,1.0
2024-03-19,20,0.0,0.0,0.266,0.734,0.0,0.0,1.0,1.0
2024-03-19,21,0.0,0.0,0.285,0.715,0.0,0.0,1.0,1.0
2024-03-19,22,0.0,0.0,0.551,0.449,0.0,0.0,1.0,2.0
2024-03-19,23,0.0,0.0,0.748,0.252,0.0,0.0,1.0,3.0
2024-03-20,0,0.0,0.0,0.449,0.551,0.0,0.0,1.0,1.0
2024-03-20,1,0.551,0.0,0.134,0.315,1.0,0.0,2.0,1.0
2024-03-20,2,0.0,0.0,0.252,0.748,0.0,0.0,2.0,1.0
2024-03-20,3,0.0,0.0,0.698,0.302,0.0,0.0,1.0,1.0
2024-03-20,4,0.039,0.0,0.593,0.367,1.0,0.0,2.0,1.0
2024-03-20,5,0.079,0.0,0.626,0.295,1.0,0.0,2.0,1.0
2024-03-20,6,0.115,0.0,0.59,0.295,1.0,0.0,1.0,1.0
2024-03-20,7,1.0,0.0,0.0,0.0,1.0,0.0,0.0,0.0
2024-03-20,8,0.961,0.0,0.039,0.0,2.0,0.0,1.0,0.0
2024-03-20,9,0.403,0.0,0.275,0.321,1.0,0.0,1.0,1.0
2024-03-20,10,0.197,0.0,0.63,0.174,2.0,0.0,3.0,2.0
2024-03-20,11,0.197,0.0,0.354,0.449,2.0,0.0,2.0,2.0
2024-03-20,12,0.921,0.0,0.0,0.079,1.0,0.0,0.0,1.0
2024-03-20,13,0.377,0.0,0.0,0.623,1.0,0.0,0.0,1.0
2024-03-20,14,0.275,0.0,0.393,0.331,2.0,0.0,2.0,2.0
2024-03-20,15,0.0,0.0,0.38,0.62,0.0,0.0,2.0,2.0
2024-03-20,16,0.987,0.0,0.013,0.0,1.0,0.0,1.0,0.0
2024-03-20,17,1.0,0.0,0.0,0.0,1.0,0.0,0.0,0.0
2024-03-20,18,0.138,0.039,0.236,0.587,1.0,1.0,1.0,1.0
2024-03-20,19,0.0,0.0,0.511,0.489,0.0,0.0,1.0,2.0
2024-03-20,20,0.0,0.0,0.58,0.42,0.0,0.0,1.0,1.0
2024-03-20,21,0.636,0.0,0.049,0.315,1.0,0.0,1.0,1.0
2024-03-20,22,0.23,0.0,0.0,0.77,1.0,0.0,0.0,1.0
2024-03-20,23,0.275,0.0,0.472,0.252,1.0,0.0,1.0,3.0
2024-03-21,0,0.0,0.0,0.489,0.511,0.0,0.0,1.0,1.0
2024-03-21,1,0.157,0.0,0.41,0.433,1.0,0.0,3.0,1.0
2024-03-21,2,0.0,0.0,0.439,0.561,0.0,0.0,1.0,1.0
2024-03-21,3,0.0,0.0,0.852,0.148,0.0,0.0,1.0,1.0
2024-03-21,4,0.082,0.079,0.289,0.551,1.0,1.0,3.0,1.0
2024-03-21,5,0.036,0.0,0.826,0.138,1.0,0.0,1.0,1.0
2024-03-21,6,0.548,0.0,0.039,0.413,1.0,0.0,1.0,1.0
2024-03-21,7,0.921,0.079,0.0,0.0,2.0,1.0,0.0,0.0
2024-03-21,8,0.223,0.0,0.266,0.511,2.0,0.0,3.0,1.0
2024-03-21,9,0.393,0.0,0.607,0.0,4.0,0.0,4.0,0.0
2024-03-21,10,0.298,0.0,0.23,0.472,2.0,0.0,2.0,1.0
2024-03-21,11,0.921,0.039,0.039,0.0,3.0,1.0,2.0,0.0
2024-03-21,12,0.039,0.0,0.961,0.0,1.0,0.0,2.0,0.0
2024-03-21,13,0.472,0.039,0.331,0.157,2.0,1.0,2.0,1.0
2024-03-21,14,0.079,0.0,0.518,0.403,1.0,0.0,2.0,2.0
2024-03-21,15,0.262,0.0,0.433,0.305,1.0,0.0,1.0,1.0
2024-03-21,16,1.0,0.0,0.0,0.0,1.0,0.0,0.0,0.0
2024-03-21,17,0.803,0.197,0.0,0.0,3.0,2.0,0.0,0.0
2024-03-21,18,0.767,0.0,0.079,0.154,2.0,0.0,1.0,1.0
2024-03-21,19,0.275,0.0,0.249,0.475,2.0,0.0,3.0,2.0
2024-03-21,20,0.0,0.0,0.302,0.698,0.0,0.0,1.0,1.0
2024-03-21,21,0.0,0.0,0.748,0.252,0.0,0.0,1.0,2.0
2024-03-21,22,0.0,0.0,0.416,0.584,0.0,0.0,1.0,1.0
2024-03-21,23,0.197,0.0,0.607,0.197,1.0,0.0,2.0,2.0
2024-03-22,0,0.236,0.0,0.354,0.41,1.0,0.0,1.0,1.0
2024-03-22,1,0.472,0.0,0.23,0.298,1.0,0.0,2.0,1.0
2024-03-22,2,0.0,0.0,0.331,0.669,0.0,0.0,2.0,1.0
2024-03-22,3,0.0,0.0,1.0,0.0,0.0,0.0,1.0,0.0
2024-03-22,4,0.0,0.118,0.252,0.63,0.0,1.0,3.0,1.0
2024-03-22,5,0.039,0.0,0.961,0.0,1.0,0.0,2.0,0.0
2024-03-22,6,0.154,0.0,0.374,0.472,1.0,0.0,2.0,1.0
2024-03-22,7,1.0,0.0,0.0,0.0,1.0,0.0,0.0,0.0
2024-03-22,8,0.42,0.197,0.384,0.0,2.0,1.0,2.0,0.0
2024-03-22,9,0.039,0.0,0.639,0.321,1.0,0.0,2.0,2.0
2024-03-22,10,0.456,0.0,0.079,0.466,1.0,0.0,1.0,1.0
2024-03-22,11,0.921,0.039,0.039,0.0,2.0,1.0,1.0,0.0
2024-03-22,12,0.0,0.0,0.252,0.748,0.0,0.0,2.0,1.0
2024-03-22,13,0.82,0.0,0.18,0.0,1.0,0.0,1.0,0.0
2024-03-22,14,0.439,0.0,0.246,0.315,2.0,0.0,3.0,1.0
2024-03-22,15,0.577,0.0,0.423,0.0,1.0,0.0,1.0,0.0
2024-03-22,16,0.961,0.039,0.0,0.0,2.0,1.0,0.0,0.0
2024-03-22,17,1.0,0.0,0.0,0.0,1.0,0.0,0.0,0.0
2024-03-22,18,0.607,0.039,0.039,0.315,3.0,1.0,1.0,1.0
2024-03-22,19,0.003,0.0,0.289,0.708,1.0,0.0,2.0,1.0
2024-03-22,20,0.0,0.0,0.774,0.226,0.0,0.0,1.0,1.0
2024-03-22,21,0.236,0.0,0.243,0.521,1.0,0.0,2.0,1.0
2024-03-22,22,0.0,0.0,0.19,0.81,0.0,0.0,1.0,1.0
2024-03-22,23,0.0,0.0,0.787,0.213,1.0,0.0,1.0,2.0
2024-03-23,0,0.079,0.0,0.489,0.433,1.0,0.0,2.0,1.0
2024-03-23,1,0.0,0.0,1.0,0.0,0.0,0.0,1.0,0.0
2024-03-23,2,0.0,0.0,0.449,0.551,0.0,0.0,2.0,1.0
2024-03-23,3,0.0,0.0,1.0,0.0,0.0,0.0,1.0,0.0
2024-03-23,4,0.0,0.0,0.331,0.669,0.0,0.0,2.0,1.0
2024-03-23,5,0.236,0.059,0.705,0.0,2.0,2.0,2.0,0.0
2024-03-23,6,0.941,0.059,0.0,0.0,2.0,2.0,0.0,0.0
2024-03-23,7,0.489,0.0,0.118,0.393,2.0,0.0,1.0,1.0
2024-03-23,8,0.498,0.0,0.118,0.384,1.0,0.0,1.0,1.0
2024-03-23,9,0.046,0.0,0.197,0.757,1.0,0.0,1.0,1.0
2024-03-23,10,0.387,0.0,0.551,0.062,3.0,0.0,3.0,1.0
2024-03-23,11,0.866,0.0,0.0,0.134,1.0,0.0,0.0,1.0
2024-03-23,12,0.708,0.0,0.275,0.016,2.0,0.0,2.0,1.0
2024-03-23,13,0.511,0.0,0.23,0.259,2.0,0.0,3.0,1.0
2024-03-23,14,0.757,0.0,0.243,0.0,1.0,0.0,1.0,0.0
2024-03-23,15,0.961,0.039,0.0,0.0,2.0,1.0,0.0,0.0
2024-03-23,16,0.761,0.039,0.118,0.082,2.0,1.0,2.0,2.0
2024-03-23,17,0.748,0.0,0.039,0.213,1.0,0.0,1.0,2.0
2024-03-23,18,0.393,0.0,0.0,0.607,1.0,0.0,0.0,2.0
2024-03-23,19,0.0,0.0,0.249,0.751,0.0,0.0,1.0,1.0
2024-03-23,20,0.0,0.0,0.459,0.541,0.0,0.0,1.0,1.0
2024-03-23,21,0.007,0.0,0.748,0.246,1.0,0.0,1.0,2.0
2024-03-23,22,0.426,0.0,0.079,0.495,1.0,0.0,1.0,1.0
2024-03-23,23,0.0,0.0,0.59,0.41,0.0,0.0,1.0,2.0
2024-03-24,0,0.118,0.0,0.607,0.275,1.0,0.0,3.0,1.0
2024-03-24,1,0.0,0.0,0.18,0.82,0.0,0.0,1.0,1.0
2024-03-24,2,0.0,0.0,0.708,0.292,0.0,0.0,1.0,2.0
2024-03-24,3,0.0,0.0,0.852,0.148,0.0,0.0,1.0,1.0
2024-03-24,4,0.0,0.0,0.013,0.987,0.0,0.0,1.0,1.0
2024-03-24,5,0.079,0.079,0.649,0.193,2.0,1.0,2.0,1.0
2024-03-24,6,0.115,0.118,0.767,0.0,2.0,1.0,1.0,0.0
2024-03-24,7,1.0,0.0,0.0,0.0,1.0,0.0,0.0,0.0
2024-03-24,8,0.921,0.079,0.0,0.0,2.0,1.0,0.0,0.0
2024-03-24,9,1.0,0.0,0.0,0.0,1.0,0.0,0.0,0.0
2024-03-24,10,0.725,0.197,0.039,0.039,2.0,1.0,1.0,1.0
2024-03-24,11,0.331,0.63,0.039,0.0,2.0,1.0,1.0,0.0
2024-03-24,12,0.197,0.079,0.197,0.528,1.0,1.0,2.0,2.0
2024-03-24,13,0.151,0.157,0.236,0.456,2.0,2.0,1.0,2.0
2024-03-24,14,0.125,0.679,0.197,0.0,2.0,2.0,1.0,0.0
2024-03-24,15,0.197,0.659,0.079,0.066,1.0,2.0,2.0,1.0
2024-03-24,16,0.751,0.0,0.0,0.249,1.0,0.0,0.0,1.0
2024-03-24,17,0.233,0.689,0.079,0.0,1.0,2.0,1.0,0.0
2024-03-24,18,0.315,0.138,0.157,0.39,3.0,3.0,2.0,2.0
2024-03-24,19,0.0,0.0,0.367,0.633,0.0,0.0,1.0,1.0
2024-03-24,20,0.393,0.0,0.066,0.541,1.0,0.0,1.0,2.0
2024-03-24,21,0.354,0.0,0.079,0.567,1.0,0.0,1.0,2.0
2024-03-24,22,0.0,0.0,0.338,0.662,0.0,0.0,1.0,1.0
2024-03-24,23,0.0,0.0,0.331,0.669,0.0,0.0,3.0,1.0
2024-03-25,0,0.0,0.0,0.489,0.511,0.0,0.0,2.0,1.0
2024-03-25,1,0.0,0.0,1.0,0.0,0.0,0.0,1.0,0.0
2024-03-25,2,0.0,0.0,0.41,0.59,0.0,0.0,2.0,1.0
2024-03-25,3,0.0,0.0,0.698,0.302,0.0,0.0,1.0,1.0
2024-03-25,4,0.197,0.0,0.554,0.249,1.0,0.0,2.0,1.0
2024-03-25,5,0.118,0.0,0.882,0.0,1.0,0.0,2.0,0.0
2024-03-25,6,0.469,0.0,0.531,0.0,1.0,0.0,1.0,0.0
2024-03-25,7,0.921,0.0,0.079,0.0,2.0,0.0,1.0,0.0
2024-03-25,8,0.813,0.0,0.039,0.148,2.0,0.0,1.0,1.0
2024-03-25,9,0.282,0.0,0.275,0.443,1.0,0.0,1.0,1.0
2024-03-25,10,0.528,0.118,0.354,0.0,3.0,2.0,4.0,0.0
2024-03-25,11,0.292,0.393,0.275,0.039,2.0,2.0,2.0,1.0
2024-03-25,12,0.0,0.882,0.118,0.0,0.0,2.0,1.0,0.0
2024-03-25,13,0.0,0.449,0.433,0.118,0.0,5.0,5.0,2.0
2024-03-25,14,0.0,0.164,0.443,0.393,0.0,1.0,3.0,2.0
2024-03-25,15,0.184,0.0,0.384,0.433,1.0,0.0,2.0,1.0
2024-03-25,16,1.0,0.0,0.0,0.0,1.0,0.0,0.0,0.0
2024-03-25,17,0.784,0.039,0.177,0.0,3.0,1.0,2.0,0.0
2024-03-25,18,0.157,0.0,0.138,0.705,1.0,0.0,2.0,1.0
2024-03-25,19,0.039,0.0,0.682,0.279,1.0,0.0,3.0,2.0
2024-03-25,20,0.502,0.039,0.184,0.275,2.0,1.0,2.0,1.0
2024-03-25,21,0.521,0.0,0.039,0.439,1.0,0.0,1.0,1.0
2024-03-25,22,0.039,0.0,0.472,0.489,1.0,0.0,2.0,2.0
2024-03-25,23,0.0,0.0,0.669,0.331,0.0,0.0,2.0,2.0
2024-03-26,0,0.433,0.039,0.213,0.315,3.0,1.0,2.0,1.0
2024-03-26,1,0.0,0.0,0.41,0.59,0.0,0.0,2.0,1.0
2024-03-26,2,0.0,0.0,0.489,0.511,0.0,0.0,2.0,1.0
2024-03-26,3,0.0,0.0,0.659,0.341,0.0,0.0,1.0,1.0
2024-03-26,4,0.197,0.0,0.475,0.328,1.0,0.0,2.0,1.0
2024-03-26,5,0.039,0.0,0.744,0.216,1.0,0.0,2.0,2.0
2024-03-26,6,0.587,0.0,0.0,0.413,1.0,0.0,0.0,1.0
2024-03-26,7,1.0,0.0,0.0,0.0,1.0,0.0,0.0,0.0
2024-03-26,8,0.774,0.0,0.118,0.108,2.0,0.0,2.0,1.0
2024-03-26,9,0.0,0.0,0.511,0.489,0.0,0.0,1.0,2.0
2024-03-26,10,0.315,0.0,0.472,0.213,1.0,0.0,1.0,2.0
2024-03-26,11,0.275,0.0,0.0,0.725,1.0,0.0,0.0,1.0
2024-03-26,12,0.905,0.0,0.095,0.0,1.0,0.0,1.0,0.0
2024-03-26,13,0.708,0.0,0.292,0.0,2.0,0.0,3.0,0.0
2024-03-26,14,0.039,0.0,0.439,0.521,1.0,0.0,2.0,2.0
2024-03-26,15,0.066,0.039,0.472,0.423,1.0,1.0,1.0,1.0
2024-03-26,16,0.961,0.039,0.0,0.0,2.0,1.0,0.0,0.0
2024-03-26,17,0.764,0.0,0.079,0.157,3.0,0.0,1.0,2.0
2024-03-26,18,0.295,0.0,0.039,0.666,1.0,0.0,1.0,1.0
2024-03-26,19,0.0,0.0,0.367,0.633,0.0,0.0,2.0,2.0
2024-03-26,20,0.266,0.0,0.38,0.354,2.0,0.0,2.0,1.0
2024-03-26,21,0.049,0.0,0.321,0.63,1.0,0.0,2.0,1.0
2024-03-26,22,0.157,0.0,0.544,0.298,1.0,0.0,2.0,1.0
2024-03-26,23,0.118,0.0,0.63,0.252,1.0,0.0,3.0,3.0
2024-03-27,0,0.0,0.0,0.685,0.315,0.0,0.0,3.0,2.0
2024-03-27,1,0.0,0.0,0.889,0.111,0.0,0.0,1.0,1.0
2024-03-27,2,0.0,0.0,0.521,0.479,0.0,0.0,1.0,1.0
2024-03-27,3,0.0,0.0,1.0,0.0,0.0,0.0,1.0,0.0
2024-03-27,4,0.118,0.0,0.528,0.354,1.0,0.0,2.0,1.0
2024-03-27,5,0.079,0.0,0.666,0.256,1.0,0.0,2.0,1.0
2024-03-27,6,0.43,0.118,0.157,0.295,2.0,1.0,1.0,1.0
2024-03-27,7,0.79,0.21,0.0,0.0,2.0,2.0,0.0,0.0
2024-03-27,8,0.315,0.026,0.079,0.58,2.0,1.0,1.0,1.0
2024-03-27,9,0.4,0.039,0.354,0.207,3.0,1.0,1.0,1.0
2024-03-27,10,0.82,0.118,0.039,0.023,2.0,1.0,1.0,1.0
2024-03-27,11,0.039,0.0,0.393,0.567,1.0,0.0,1.0,2.0
2024-03-27,12,0.37,0.0,0.315,0.315,1.0,0.0,1.0,1.0
2024-03-27,13,0.882,0.0,0.118,0.0,2.0,0.0,1.0,0.0
2024-03-27,14,0.125,0.0,0.472,0.403,2.0,0.0,2.0,1.0
2024-03-27,15,0.931,0.0,0.0,0.069,1.0,0.0,0.0,1.0
2024-03-27,16,0.961,0.039,0.0,0.0,2.0,1.0,0.0,0.0
2024-03-27,17,0.528,0.118,0.039,0.315,4.0,2.0,1.0,2.0
2024-03-27,18,0.449,0.0,0.0,0.551,2.0,0.0,0.0,1.0
2024-03-27,19,0.161,0.0,0.157,0.682,1.0,0.0,1.0,1.0
2024-03-27,20,0.0,0.0,0.62,0.38,0.0,0.0,1.0,1.0
2024-03-27,21,0.0,0.0,0.207,0.793,0.0,0.0,1.0,1.0
2024-03-27,22,0.0,0.0,0.77,0.23,0.0,0.0,1.0,1.0
2024-03-27,23,0.157,0.0,0.252,0.59,1.0,0.0,3.0,1.0
2024-03-28,0,0.236,0.0,0.393,0.37,1.0,0.0,1.0,1.0
2024-03-28,1,0.0,0.0,0.859,0.141,0.0,0.0,2.0,2.0
2024-03-28,2,0.0,0.0,0.567,0.433,0.0,0.0,2.0,1.0
2024-03-28,3,0.0,0.0,1.0,0.0,0.0,0.0,1.0,0.0
2024-03-28,4,0.197,0.0,0.449,0.354,1.0,0.0,2.0,1.0
2024-03-28,5,0.039,0.0,0.921,0.039,1.0,0.0,2.0,1.0
2024-03-28,6,0.311,0.0,0.138,0.551,1.0,0.0,2.0,1.0
2024-03-28,7,0.882,0.118,0.0,0.0,3.0,2.0,0.0,0.0
2024-03-28,8,0.42,0.0,0.148,0.433,1.0,0.0,2.0,1.0
2024-03-28,9,0.715,0.0,0.285,0.0,1.0,0.0,1.0,0.0
2024-03-28,10,0.505,0.039,0.079,0.377,3.0,1.0,2.0,1.0
2024-03-28,11,0.079,0.0,0.63,0.292,1.0,0.0,1.0,2.0
2024-03-28,12,0.489,0.039,0.118,0.354,3.0,1.0,1.0,1.0
2024-03-28,13,0.81,0.118,0.072,0.0,1.0,1.0,1.0,0.0
2024-03-28,14,0.0,0.118,0.41,0.472,0.0,1.0,3.0,1.0
2024-03-28,15,0.695,0.079,0.226,0.0,1.0,1.0,1.0,0.0
2024-03-28,16,0.725,0.197,0.079,0.0,3.0,1.0,1.0,0.0
2024-03-28,17,0.882,0.118,0.0,0.0,2.0,1.0,0.0,0.0
2024-03-28,18,0.413,0.0,0.039,0.548,2.0,0.0,1.0,1.0
2024-03-28,19,0.0,0.0,0.131,0.869,0.0,0.0,1.0,1.0
2024-03-28,20,0.03,0.0,0.38,0.59,1.0,0.0,1.0,1.0
2024-03-28,21,0.128,0.0,0.551,0.321,1.0,0.0,1.0,1.0
2024-03-28,22,0.023,0.0,0.63,0.348,1.0,0.0,1.0,1.0
2024-03-28,23,0.095,0.0,0.315,0.59,2.0,0.0,2.0,1.0
2024-03-29,0,0.669,0.0,0.331,0.0,1.0,0.0,2.0,0.0
2024-03-29,1,0.0,0.0,0.646,0.354,0.0,0.0,2.0,1.0
2024-03-29,2,0.0,0.0,0.331,0.669,0.0,0.0,2.0,1.0
2024-03-29,3,0.0,0.0,0.659,0.341,0.0,0.0,1.0,1.0
2024-03-29,4,0.079,0.039,0.515,0.367,1.0,1.0,2.0,1.0
2024-03-29,5,0.0,0.0,0.921,0.079,0.0,0.0,2.0,1.0
2024-03-29,6,0.154,0.0,0.452,0.393,1.0,0.0,2.0,1.0
2024-03-29,7,1.0,0.0,0.0,0.0,1.0,0.0,0.0,0.0
2024-03-29,8,0.921,0.0,0.079,0.0,2.0,0.0,1.0,0.0
2024-03-29,9,0.567,0.0,0.039,0.393,2.0,0.0,1.0,1.0
2024-03-29,10,0.702,0.0,0.118,0.18,2.0,0.0,2.0,1.0
2024-03-29,11,0.118,0.0,0.315,0.567,1.0,0.0,1.0,1.0
2024-03-29,12,0.489,0.0,0.197,0.315,3.0,0.0,1.0,1.0
2024-03-29,13,0.456,0.0,0.157,0.387,1.0,0.0,1.0,1.0
2024-03-29,14,0.079,0.0,0.718,0.203,1.0,0.0,1.0,1.0
2024-03-29,15,0.197,0.118,0.489,0.197,2.0,2.0,2.0,1.0
2024-03-29,16,0.043,0.039,0.721,0.197,1.0,1.0,1.0,1.0
2024-03-29,17,1.0,0.0,0.0,0.0,1.0,0.0,0.0,0.0
2024-03-29,18,1.0,0.0,0.0,0.0,1.0,0.0,0.0,0.0
2024-03-29,19,0.279,0.0,0.079,0.643,2.0,0.0,1.0,1.0
2024-03-29,20,0.0,0.0,0.384,0.616,0.0,0.0,1.0,1.0
2024-03-29,21,0.321,0.0,0.285,0.393,1.0,0.0,1.0,1.0
2024-03-29,22,0.662,0.0,0.0,0.338,1.0,0.0,0.0,1.0
2024-03-29,23,0.708,0.0,0.118,0.174,2.0,0.0,3.0,1.0
2024-03-30,0,0.118,0.0,0.331,0.551,1.0,0.0,2.0,1.0
2024-03-30,1,0.0,0.0,0.489,0.511,0.0,0.0,2.0,1.0
2024-03-30,2,0.0,0.0,0.489,0.511,0.0,0.0,2.0,1.0
2024-03-30,3,0.0,0.0,0.856,0.144,0.0,0.0,1.0,1.0
2024-03-30,4,0.079,0.0,0.318,0.603,1.0,0.0,2.0,1.0
2024-03-30,5,0.157,0.0,0.705,0.138,1.0,0.0,2.0,1.0
2024-03-30,6,0.311,0.0,0.157,0.531,1.0,0.0,1.0,1.0
2024-03-30,7,0.869,0.131,0.0,0.0,1.0,1.0,0.0,0.0
2024-03-30,8,0.0,0.843,0.157,0.0,0.0,2.0,1.0,0.0
2024-03-30,9,0.275,0.01,0.393,0.321,3.0,1.0,2.0,2.0
2024-03-30,10,0.0,0.0,0.22,0.78,0.0,0.0,1.0,1.0
2024-03-30,11,0.393,0.0,0.41,0.197,1.0,0.0,1.0,1.0
2024-03-30,12,1.0,0.0,0.0,0.0,1.0,0.0,0.0,0.0
2024-03-30,13,0.574,0.0,0.0,0.426,1.0,0.0,0.0,1.0
2024-03-30,14,0.197,0.0,0.521,0.282,2.0,0.0,3.0,1.0
2024-03-30,15,0.0,0.0,0.384,0.616,0.0,0.0,2.0,2.0
2024-03-30,16,0.633,0.0,0.197,0.17,1.0,0.0,1.0,1.0
2024-03-30,17,1.0,0.0,0.0,0.0,1.0,0.0,0.0,0.0
2024-03-30,18,0.374,0.0,0.193,0.433,2.0,0.0,2.0,1.0
2024-03-30,19,0.0,0.0,0.331,0.669,0.0,0.0,2.0,1.0
2024-03-30,20,0.0,0.0,0.498,0.502,0.0,0.0,1.0,1.0
2024-03-30,21,0.0,0.0,0.518,0.482,0.0,0.0,1.0,1.0
2024-03-30,22,0.0,0.0,0.331,0.669,0.0,0.0,2.0,1.0
2024-03-30,23,0.0,0.0,1.0,0.0,0.0,0.0,2.0,0.0
2024-03-31,0,0.0,0.0,0.646,0.354,0.0,0.0,2.0,1.0
2024-03-31,1,0.0,0.0,0.574,0.426,0.0,0.0,1.0,1.0
2024-03-31,2,0.0,0.0,0.757,0.243,0.0,0.0,1.0,1.0
2024-03-31,3,0.0,0.0,1.0,0.0,0.0,0.0,1.0,0.0
2024-03-31,4,0.236,0.0,0.685,0.079,2.0,0.0,3.0,1.0
2024-03-31,5,0.0,0.0,0.744,0.256,0.0,0.0,1.0,1.0
2024-03-31,6,0.784,0.0,0.0,0.216,1.0,0.0,0.0,1.0
2024-03-31,7,0.921,0.079,0.0,0.0,2.0,1.0,0.0,0.0
2024-03-31,8,0.41,0.0,0.079,0.511,2.0,0.0,1.0,1.0
2024-03-31,9,0.521,0.0,0.118,0.361,1.0,0.0,1.0,1.0
2024-03-31,10,0.456,0.0,0.315,0.23,1.0,0.0,1.0,1.0
2024-03-31,11,0.41,0.079,0.118,0.393,2.0,1.0,1.0,1.0
2024-03-31,12,0.331,0.0,0.275,0.393,1.0,0.0,1.0,1.0
2024-03-31,13,0.141,0.0,0.308,0.551,1.0,0.0,2.0,1.0
2024-03-31,14,0.236,0.0,0.675,0.089,2.0,0.0,3.0,1.0
2024-03-31,15,0.262,0.0,0.197,0.541,1.0,0.0,1.0,1.0
2024-03-31,16,1.0,0.0,0.0,0.0,1.0,0.0,0.0,0.0
2024-03-31,17,0.941,0.02,0.039,0.0,2.0,1.0,1.0,0.0
2024-03-31,18,0.0,0.138,0.118,0.744,0.0,2.0,1.0,1.0
2024-03-31,19,0.157,0.0,0.354,0.489,1.0,0.0,2.0,2.0
2024-03-31,20,0.0,0.0,0.384,0.616,0.0,0.0,1.0,1.0
2024-03-31,21,0.715,0.0,0.285,0.0,1.0,0.0,1.0,0.0
2024-03-31,22,0.449,0.0,0.0,0.551,2.0,0.0,0.0,1.0
2024-03-31,23,0.056,0.0,0.472,0.472,1.0,0.0,2.0,1.0
2024-04-01,0,0.275,0.0,0.489,0.236,1.0,0.0,1.0,1.0
2024-04-01,1,0.354,0.0,0.37,0.275,1.0,0.0,2.0,1.0
2024-04-01,2,0.0,0.0,0.134,0.866,0.0,0.0,2.0,1.0
2024-04-01,3,0.0,0.0,1.0,0.0,0.0,0.0,1.0,0.0
2024-04-01,4,0.0,0.0,1.0,0.0,0.0,0.0,1.0,0.0
2024-04-01,5,0.118,0.0,0.626,0.256,1.0,0.0,2.0,1.0
2024-04-01,6,0.39,0.0,0.393,0.216,1.0,0.0,1.0,1.0
2024-04-01,7,0.764,0.157,0.079,0.0,4.0,3.0,1.0,0.0
2024-04-01,8,0.144,0.0,0.03,0.826,1.0,0.0,1.0,1.0
2024-04-01,9,0.321,0.0,0.679,0.0,1.0,0.0,1.0,0.0
2024-04-01,10,0.882,0.079,0.039,0.0,3.0,1.0,1.0,0.0
2024-04-01,11,0.921,0.0,0.079,0.0,1.0,0.0,1.0,0.0
2024-04-01,12,0.236,0.0,0.354,0.41,2.0,0.0,4.0,2.0
2024-04-01,13,0.236,0.0,0.544,0.22,1.0,0.0,1.0,1.0
2024-04-01,14,0.0,0.0,0.007,0.993,0.0,0.0,1.0,1.0
2024-04-01,15,0.695,0.0,0.236,0.069,1.0,0.0,1.0,1.0
2024-04-01,16,1.0,0.0,0.0,0.0,1.0,0.0,0.0,0.0
2024-04-01,17,0.882,0.118,0.0,0.0,2.0,1.0,0.0,0.0
2024-04-01,18,0.374,0.0,0.115,0.511,2.0,0.0,1.0,1.0
2024-04-01,19,0.079,0.0,0.436,0.485,1.0,0.0,2.0,2.0
2024-04-01,20,0.0,0.0,0.344,0.656,0.0,0.0,1.0,1.0
2024-04-01,21,0.0,0.0,0.567,0.433,0.0,0.0,3.0,2.0
2024-04-01,22,0.22,0.0,0.78,0.0,2.0,0.0,2.0,0.0
2024-04-01,23,0.489,0.157,0.236,0.118,4.0,2.0,3.0,3.0
2024-04-02,0,0.0,0.0,0.449,0.551,0.0,0.0,1.0,1.0
2024-04-02,1,0.0,0.0,0.528,0.472,0.0,0.0,2.0,1.0
2024-04-02,2,0.0,0.0,0.646,0.354,0.0,0.0,2.0,1.0
2024-04-02,3,0.0,0.0,0.489,0.511,0.0,0.0,2.0,1.0
2024-04-02,4,0.0,0.0,0.446,0.554,0.0,0.0,1.0,1.0
2024-04-02,5,0.118,0.0,0.57,0.311,1.0,0.0,2.0,1.0
2024-04-02,6,0.075,0.0,0.767,0.157,1.0,0.0,2.0,1.0
2024-04-02,7,1.0,0.0,0.0,0.0,1.0,0.0,0.0,0.0
2024-04-02,8,0.538,0.315,0.079,0.069,3.0,3.0,1.0,1.0
2024-04-02,9,0.085,0.0,0.433,0.482,1.0,0.0,1.0,1.0
2024-04-02,10,0.78,0.039,0.18,0.0,3.0,1.0,2.0,0.0
2024-04-02,11,0.275,0.0,0.331,0.393,1.0,0.0,2.0,1.0
2024-04-02,12,0.725,0.275,0.0,0.0,5.0,4.0,0.0,0.0
2024-04-02,13,0.259,0.0,0.308,0.433,2.0,0.0,1.0,1.0
2024-04-02,14,0.0,0.0,0.449,0.551,0.0,0.0,2.0,1.0
2024-04-02,15,0.695,0.0,0.305,0.0,1.0,0.0,1.0,0.0
2024-04-02,16,0.921,0.079,0.0,0.0,2.0,1.0,0.0,0.0
2024-04-02,17,0.862,0.138,0.0,0.0,2.0,2.0,0.0,0.0
2024-04-02,18,0.63,0.02,0.157,0.193,1.0,1.0,1.0,1.0
2024-04-02,19,0.0,0.0,0.289,0.711,0.0,0.0,1.0,1.0
2024-04-02,20,0.0,0.0,0.459,0.541,0.0,0.0,1.0,1.0
2024-04-02,21,0.0,0.0,0.708,0.292,0.0,0.0,1.0,2.0
2024-04-02,22,0.275,0.22,0.197,0.308,2.0,1.0,2.0,2.0
2024-04-02,23,0.0,0.252,0.354,0.393,0.0,2.0,2.0,2.0
2024-04-03,0,0.0,0.0,0.725,0.275,0.0,0.0,1.0,1.0
2024-04-03,1,0.0,0.0,0.37,0.63,0.0,0.0,2.0,1.0
2024-04-03,2,0.0,0.0,0.99,0.01,0.0,0.0,1.0,1.0
2024-04-03,3,0.0,0.0,0.302,0.698,0.0,0.0,1.0,1.0
2024-04-03,4,0.0,0.0,0.879,0.121,0.0,0.0,1.0,1.0
2024-04-03,5,0.039,0.118,0.531,0.311,1.0,2.0,1.0,1.0
2024-04-03,6,0.233,0.0,0.413,0.354,1.0,0.0,1.0,1.0
2024-04-03,7,1.0,0.0,0.0,0.0,1.0,0.0,0.0,0.0
2024-04-03,8,0.459,0.079,0.462,0.0,3.0,1.0,2.0,0.0
2024-04-03,9,0.4,0.0,0.403,0.197,2.0,0.0,2.0,1.0
2024-04-03,10,0.859,0.0,0.0,0.141,1.0,0.0,0.0,1.0
2024-04-03,11,0.0,0.0,0.433,0.567,0.0,0.0,1.0,2.0
2024-04-03,12,0.63,0.0,0.197,0.174,1.0,0.0,1.0,2.0
2024-04-03,13,0.354,0.0,0.151,0.495,1.0,0.0,1.0,1.0
2024-04-03,14,0.079,0.0,0.607,0.315,1.0,0.0,3.0,1.0
2024-04-03,15,0.813,0.039,0.148,0.0,2.0,1.0,1.0,0.0
2024-04-03,16,1.0,0.0,0.0,0.0,1.0,0.0,0.0,0.0
2024-04-03,17,0.862,0.079,0.059,0.0,2.0,1.0,1.0,0.0
2024-04-03,18,0.0,0.0,0.331,0.669,0.0,0.0,2.0,1.0
2024-04-03,19,0.0,0.0,0.357,0.643,0.0,0.0,1.0,1.0
2024-04-03,20,0.0,0.0,0.59,0.41,0.0,0.0,1.0,2.0
2024-04-03,21,0.0,0.0,0.4,0.6,0.0,0.0,1.0,1.0
2024-04-03,22,0.062,0.0,0.426,0.511,1.0,0.0,2.0,1.0
2024-04-03,23,0.567,0.0,0.433,0.0,3.0,0.0,3.0,1.0
2024-04-04,0,0.0,0.0,0.174,0.826,0.0,0.0,2.0,1.0
2024-04-04,1,0.0,0.0,0.731,0.269,0.0,0.0,1.0,1.0
2024-04-04,2,0.079,0.0,0.639,0.282,1.0,0.0,2.0,1.0
2024-04-04,3,0.0,0.0,1.0,0.0,0.0,0.0,1.0,0.0
2024-04-04,4,0.197,0.0,0.174,0.63,1.0,0.0,3.0,1.0
2024-04-04,5,0.0,0.0,0.961,0.039,0.0,0.0,2.0,1.0
2024-04-04,6,0.036,0.0,0.413,0.551,1.0,0.0,1.0,1.0
2024-04-04,7,1.0,0.0,0.0,0.0,1.0,0.0,0.0,0.0
2024-04-04,8,0.341,0.0,0.659,0.0,2.0,0.0,2.0,0.0
2024-04-04,9,0.0,0.0,1.0,0.0,0.0,0.0,1.0,0.0
2024-04-04,10,0.889,0.0,0.111,0.0,1.0,0.0,1.0,0.0
2024-04-04,11,0.607,0.0,0.315,0.079,3.0,0.0,2.0,1.0
2024-04-04,12,0.292,0.0,0.236,0.472,1.0,0.0,1.0,1.0
2024-04-04,13,0.843,0.039,0.118,0.0,4.0,1.0,2.0,0.0
2024-04-04,14,0.046,0.0,0.443,0.511,1.0,0.0,3.0,2.0
2024-04-04,15,0.656,0.0,0.344,0.0,1.0,0.0,1.0,0.0
2024-04-04,16,1.0,0.0,0.0,0.0,1.0,0.0,0.0,0.0
2024-04-04,17,0.961,0.0,0.039,0.0,2.0,0.0,1.0,0.0
2024-04-04,18,0.689,0.0,0.039,0.272,1.0,0.0,1.0,1.0
2024-04-04,19,0.0,0.0,0.289,0.711,0.0,0.0,1.0,1.0
2024-04-04,20,0.0,0.0,0.42,0.58,0.0,0.0,1.0,1.0
2024-04-04,21,0.0,0.0,0.787,0.213,0.0,0.0,1.0,2.0
2024-04-04,22,0.0,0.0,0.377,0.623,0.0,0.0,1.0,1.0
2024-04-04,23,0.0,0.0,0.607,0.393,0.0,0.0,3.0,1.0
2024-04-05,0,0.0,0.0,1.0,0.0,0.0,0.0,1.0,0.0
2024-04-05,1,0.0,0.0,1.0,0.0,0.0,0.0,1.0,0.0
2024-04-05,2,0.0,0.0,0.793,0.207,0.0,0.0,1.0,1.0
2024-04-05,3,0.0,0.0,0.695,0.305,0.0,0.0,1.0,1.0
2024-04-05,4,0.118,0.0,0.882,0.0,1.0,0.0,2.0,0.0
2024-04-05,5,0.039,0.0,0.764,0.197,1.0,0.0,3.0,1.0
2024-04-05,6,0.154,0.0,0.807,0.039,1.0,0.0,2.0,1.0
2024-04-05,7,1.0,0.0,0.0,0.0,1.0,0.0,0.0,0.0
2024-04-05,8,1.0,0.0,0.0,0.0,1.0,0.0,0.0,0.0
2024-04-05,9,0.921,0.079,0.0,0.0,2.0,1.0,0.0,0.0
2024-04-05,10,0.151,0.0,0.039,0.81,1.0,0.0,1.0,1.0
2024-04-05,11,0.315,0.0,0.118,0.567,1.0,0.0,1.0,1.0
2024-04-05,12,0.134,0.0,0.275,0.59,2.0,0.0,2.0,1.0
2024-04-05,13,0.849,0.0,0.118,0.033,1.0,0.0,1.0,1.0
2024-04-05,14,0.482,0.0,0.079,0.439,2.0,0.0,1.0,1.0
2024-04-05,15,0.226,0.0,0.538,0.236,2.0,0.0,3.0,1.0
2024-04-05,16,0.593,0.0,0.092,0.315,1.0,0.0,1.0,1.0
2024-04-05,17,1.0,0.0,0.0,0.0,1.0,0.0,0.0,0.0
2024-04-05,18,0.567,0.0,0.118,0.315,2.0,0.0,1.0,1.0
2024-04-05,19,0.082,0.0,0.157,0.761,1.0,0.0,1.0,1.0
2024-04-05,20,0.0,0.0,0.866,0.134,0.0,0.0,1.0,2.0
2024-04-05,21,0.0,0.0,0.282,0.718,0.0,0.0,1.0,1.0
2024-04-05,22,0.0,0.0,0.308,0.692,0.0,0.0,1.0,1.0
2024-04-05,23,0.63,0.0,0.236,0.134,1.0,0.0,3.0,2.0
2024-04-06,0,0.59,0.0,0.213,0.197,2.0,0.0,2.0,1.0
2024-04-06,1,0.0,0.0,0.37,0.63,0.0,0.0,2.0,1.0
2024-04-06,2,0.0,0.0,0.321,0.679,0.0,0.0,1.0,1.0
2024-04-06,3,0.0,0.0,0.866,0.134,0.0,0.0,1.0,2.0
2024-04-06,4,0.0,0.0,0.239,0.761,0.0,0.0,1.0,1.0
2024-04-06,5,0.059,0.0,0.744,0.197,1.0,0.0,1.0,1.0
2024-04-06,6,1.0,0.0,0.0,0.0,1.0,0.0,0.0,0.0
2024-04-06,7,0.633,0.039,0.039,0.289,2.0,1.0,1.0,1.0
2024-04-06,8,0.0,0.0,0.305,0.695,0.0,0.0,1.0,1.0
2024-04-06,9,0.0,0.0,0.41,0.59,0.0,0.0,2.0,1.0
2024-04-06,10,0.849,0.039,0.111,0.0,2.0,1.0,1.0,0.0
2024-04-06,11,0.921,0.079,0.0,0.0,3.0,2.0,0.0,0.0
2024-04-06,12,0.354,0.0,0.016,0.63,1.0,0.0,1.0,1.0
2024-04-06,13,0.197,0.0,0.803,0.0,1.0,0.0,2.0,0.0
2024-04-06,14,0.0,0.0,0.252,0.748,0.0,0.0,2.0,1.0
2024-04-06,15,0.774,0.0,0.226,0.0,1.0,0.0,1.0,0.0
2024-04-06,16,1.0,0.0,0.0,0.0,1.0,0.0,0.0,0.0
2024-04-06,17,0.607,0.118,0.275,0.0,3.0,1.0,2.0,0.0
2024-04-06,18,0.216,0.0,0.275,0.508,1.0,0.0,1.0,1.0
2024-04-06,19,0.039,0.0,0.63,0.331,1.0,0.0,2.0,2.0
2024-04-06,20,0.0,0.0,0.384,0.616,0.0,0.0,1.0,1.0
2024-04-06,21,0.0,0.0,0.207,0.793,0.0,0.0,1.0,1.0
2024-04-06,22,0.236,0.0,0.574,0.19,1.0,0.0,2.0,1.0
2024-04-06,23,0.0,0.0,0.646,0.354,0.0,0.0,2.0,2.0
2024-04-07,0,0.0,0.0,0.236,0.764,0.0,0.0,1.0,1.0
2024-04-07,1,0.0,0.0,0.938,0.062,0.0,0.0,1.0,1.0
2024-04-07,2,0.0,0.0,0.675,0.325,0.0,0.0,1.0,1.0
2024-04-07,3,0.0,0.0,0.734,0.266,0.0,0.0,1.0,1.0
2024-04-07,4,0.0,0.0,1.0,0.0,0.0,0.0,1.0,0.0
2024-04-07,5,0.0,0.0,1.0,0.0,0.0,0.0,1.0,0.0
2024-04-07,6,0.075,0.0,0.689,0.236,1.0,0.0,2.0,1.0
2024-04-07,7,0.908,0.0,0.092,0.0,1.0,0.0,1.0,0.0
2024-04-07,8,0.039,0.0,0.449,0.511,1.0,0.0,3.0,1.0
2024-04-07,9,0.203,0.0,0.521,0.275,1.0,0.0,1.0,1.0
2024-04-07,10,0.803,0.0,0.197,0.0,4.0,0.0,3.0,0.0
2024-04-07,11,0.134,0.0,0.354,0.511,3.0,0.0,2.0,2.0
2024-04-07,12,0.472,0.0,0.393,0.134,1.0,0.0,1.0,1.0
2024-04-07,13,0.315,0.0,0.19,0.495,1.0,0.0,2.0,2.0
2024-04-07,14,0.0,0.0,0.449,0.551,0.0,0.0,2.0,1.0
2024-04-07,15,0.38,0.039,0.58,0.0,2.0,1.0,1.0,0.0
2024-04-07,16,1.0,0.0,0.0,0.0,1.0,0.0,0.0,0.0
2024-04-07,17,0.882,0.0,0.118,0.0,2.0,0.0,1.0,0.0
2024-04-07,18,0.256,0.0,0.393,0.351,1.0,0.0,1.0,1.0
2024-04-07,19,0.0,0.0,0.433,0.567,0.0,0.0,1.0,2.0
2024-04-07,20,0.0,0.0,0.826,0.174,0.0,0.0,1.0,2.0
2024-04-07,21,0.439,0.0,0.079,0.482,2.0,0.0,1.0,1.0
2024-04-07,22,0.19,0.0,0.338,0.472,1.0,0.0,2.0,1.0
2024-04-07,23,0.0,0.0,0.646,0.354,0.0,0.0,2.0,1.0
2024-04-08,0,0.551,0.0,0.095,0.354,1.0,0.0,1.0,1.0
2024-04-08,1,0.0,0.0,0.725,0.275,0.0,0.0,2.0,1.0
2024-04-08,2,0.0,0.0,0.833,0.167,0.0,0.0,1.0,1.0
2024-04-08,3,0.0,0.0,0.498,0.502,0.0,0.0,1.0,1.0
2024-04-08,4,0.118,0.0,0.528,0.354,1.0,0.0,2.0,1.0
2024-04-08,5,0.0,0.0,0.607,0.393,0.0,0.0,2.0,1.0
2024-04-08,6,0.587,0.0,0.413,0.0,2.0,0.0,2.0,0.0
2024-04-08,7,1.0,0.0,0.0,0.0,1.0,0.0,0.0,0.0
2024-04-08,8,0.695,0.236,0.069,0.0,4.0,3.0,1.0,0.0
2024-04-08,9,0.007,0.0,0.049,0.944,1.0,0.0,1.0,2.0
2024-04-08,10,0.961,0.039,0.0,0.0,2.0,1.0,0.0,0.0
2024-04-08,11,0.331,0.0,0.157,0.511,2.0,0.0,1.0,1.0
2024-04-08,12,0.472,0.0,0.275,0.252,1.0,0.0,1.0,1.0
2024-04-08,13,0.59,0.0,0.19,0.22,2.0,0.0,2.0,2.0
2024-04-08,14,0.0,0.0,0.449,0.551,0.0,0.0,2.0,1.0
2024-04-08,15,0.577,0.0,0.344,0.079,1.0,0.0,1.0,1.0
2024-04-08,16,1.0,0.0,0.0,0.0,1.0,0.0,0.0,0.0
2024-04-08,17,1.0,0.0,0.0,0.0,1.0,0.0,0.0,0.0
2024-04-08,18,0.334,0.039,0.039,0.587,3.0,1.0,1.0,1.0
2024-04-08,19,0.0,0.0,0.551,0.449,0.0,0.0,1.0,2.0
2024-04-08,20,0.0,0.0,0.58,0.42,0.0,0.0,1.0,1.0
2024-04-08,21,0.085,0.0,0.325,0.59,1.0,0.0,2.0,1.0
2024-04-08,22,0.505,0.0,0.079,0.416,1.0,0.0,1.0,1.0
2024-04-08,23,0.0,0.0,0.748,0.252,0.0,0.0,1.0,2.0
2024-04-09,0,0.0,0.0,0.37,0.63,0.0,0.0,2.0,1.0
2024-04-09,1,0.0,0.0,0.652,0.348,0.0,0.0,1.0,1.0
2024-04-09,2,0.079,0.0,0.639,0.282,1.0,0.0,2.0,2.0
2024-04-09,3,0.0,0.0,0.213,0.787,0.0,0.0,2.0,1.0
2024-04-09,4,0.118,0.0,0.882,0.0,1.0,0.0,2.0,0.0
2024-04-09,5,0.236,0.0,0.548,0.216,1.0,0.0,2.0,1.0
2024-04-09,6,0.666,0.0,0.0,0.334,1.0,0.0,0.0,1.0
2024-04-09,7,0.882,0.0,0.118,0.0,2.0,0.0,1.0,0.0
2024-04-09,8,0.262,0.0,0.472,0.266,2.0,0.0,3.0,2.0
2024-04-09,9,0.0,0.0,0.439,0.561,0.0,0.0,1.0,1.0
2024-04-09,10,0.81,0.0,0.19,0.0,1.0,0.0,1.0,0.0
2024-04-09,11,0.646,0.0,0.118,0.236,3.0,0.0,1.0,1.0
2024-04-09,12,0.0,0.0,0.489,0.511,0.0,0.0,1.0,1.0
2024-04-09,13,0.662,0.079,0.259,0.0,2.0,1.0,1.0,0.0
2024-04-09,14,0.125,0.0,0.275,0.6,2.0,0.0,2.0,2.0
2024-04-09,15,0.459,0.0,0.315,0.226,2.0,0.0,2.0,1.0
2024-04-09,16,1.0,0.0,0.0,0.0,1.0,0.0,0.0,0.0
2024-04-09,17,0.843,0.157,0.0,0.0,2.0,1.0,0.0,0.0
2024-04-09,18,0.059,0.236,0.079,0.626,1.0,2.0,1.0,2.0
2024-04-09,19,0.0,0.0,0.052,0.948,0.0,0.0,1.0,1.0
2024-04-09,20,0.502,0.0,0.498,0.0,2.0,0.0,2.0,0.0
2024-04-09,21,0.364,0.0,0.0,0.636,1.0,0.0,0.0,1.0
2024-04-09,22,0.0,0.0,0.456,0.544,0.0,0.0,1.0,1.0
2024-04-09,23,0.0,0.0,0.41,0.59,0.0,0.0,2.0,1.0
2024-04-10,0,0.803,0.0,0.039,0.157,1.0,0.0,1.0,1.0
2024-04-10,1,0.338,0.0,0.157,0.505,1.0,0.0,1.0,1.0
2024-04-10,2,0.0,0.0,0.325,0.675,0.0,0.0,1.0,1.0
2024-04-10,3,0.0,0.0,0.541,0.459,0.0,0.0,1.0,1.0
2024-04-10,4,0.079,0.039,0.436,0.446,1.0,1.0,2.0,1.0
2024-04-10,5,0.0,0.0,0.548,0.452,0.0,0.0,1.0,1.0
2024-04-10,6,0.233,0.0,0.748,0.02,1.0,0.0,1.0,1.0
2024-04-10,7,1.0,0.0,0.0,0.0,1.0,0.0,0.0,0.0
2024-04-10,8,0.577,0.0,0.423,0.0,2.0,0.0,2.0,0.0
2024-04-10,9,0.236,0.0,0.331,0.433,2.0,0.0,3.0,1.0
2024-04-10,10,0.275,0.0,0.37,0.354,2.0,0.0,3.0,1.0
2024-04-10,11,0.079,0.0,0.489,0.433,1.0,0.0,2.0,1.0
2024-04-10,12,0.0,0.0,0.725,0.275,0.0,0.0,1.0,1.0
2024-04-10,13,0.275,0.0,0.41,0.315,2.0,0.0,4.0,2.0
2024-04-10,14,0.0,0.0,0.636,0.364,0.0,0.0,1.0,1.0
2024-04-10,15,0.813,0.0,0.118,0.069,1.0,0.0,1.0,1.0
2024-04-10,16,0.961,0.039,0.0,0.0,2.0,1.0,0.0,0.0
2024-04-10,17,1.0,0.0,0.0,0.0,1.0,0.0,0.0,0.0
2024-04-10,18,0.728,0.0,0.039,0.233,3.0,0.0,1.0,1.0
2024-04-10,19,0.0,0.0,0.21,0.79,0.0,0.0,1.0,1.0
2024-04-10,20,0.0,0.0,0.459,0.541,0.0,0.0,1.0,1.0
2024-04-10,21,0.0,0.0,0.511,0.489,0.0,0.0,1.0,2.0
2024-04-10,22,0.102,0.0,0.826,0.072,1.0,0.0,1.0,1.0
2024-04-10,23,0.331,0.0,0.157,0.511,2.0,0.0,2.0,2.0
2024-04-11,0,0.0,0.0,0.669,0.331,0.0,0.0,1.0,1.0
2024-04-11,1,0.0,0.0,0.702,0.298,0.0,0.0,1.0,1.0
2024-04-11,2,0.0,0.0,0.449,0.551,0.0,0.0,2.0,1.0
2024-04-11,3,0.0,0.0,1.0,0.0,0.0,0.0,1.0,0.0
2024-04-11,4,0.197,0.0,0.764,0.039,1.0,0.0,2.0,1.0
2024-04-11,5,0.079,0.0,0.823,0.098,1.0,0.0,2.0,1.0
2024-04-11,6,0.193,0.0,0.433,0.374,1.0,0.0,2.0,2.0
2024-04-11,7,1.0,0.0,0.0,0.0,1.0,0.0,0.0,0.0
2024-04-11,8,1.0,0.0,0.0,0.0,1.0,0.0,0.0,0.0
2024-04-11,9,0.797,0.0,0.203,0.0,1.0,0.0,1.0,0.0
2024-04-11,10,0.456,0.0,0.19,0.354,1.0,0.0,2.0,1.0
2024-04-11,11,0.331,0.0,0.0,0.669,1.0,0.0,0.0,1.0
2024-04-11,12,0.095,0.0,0.315,0.59,1.0,0.0,1.0,1.0
2024-04-11,13,0.725,0.0,0.118,0.157,2.0,0.0,1.0,1.0
2024-04-11,14,0.164,0.0,0.472,0.364,2.0,0.0,2.0,1.0
2024-04-11,15,0.0,0.0,0.708,0.292,0.0,0.0,1.0,2.0
2024-04-11,16,0.711,0.0,0.197,0.092,1.0,0.0,1.0,1.0
2024-04-11,17,1.0,0.0,0.0,0.0,1.0,0.0,0.0,0.0
2024-04-11,18,0.531,0.039,0.197,0.233,2.0,1.0,2.0,1.0
2024-04-11,19,0.0,0.0,0.643,0.357,0.0,0.0,1.0,1.0
2024-04-11,20,0.0,0.0,0.41,0.59,0.0,0.0,2.0,1.0
2024-04-11,21,0.0,0.0,0.443,0.557,0.0,0.0,1.0,1.0
2024-04-11,22,0.0,0.0,0.669,0.331,0.0,0.0,1.0,2.0
2024-04-11,23,0.0,0.0,0.551,0.449,0.0,0.0,2.0,1.0
2024-04-12,0,0.433,0.0,0.567,0.0,2.0,0.0,3.0,0.0
2024-04-12,1,0.584,0.0,0.141,0.275,1.0,0.0,1.0,1.0
2024-04-12,2,0.361,0.0,0.0,0.639,1.0,0.0,0.0,1.0
2024-04-12,3,0.0,0.0,0.774,0.226,0.0,0.0,1.0,1.0
2024-04-12,4,0.079,0.079,0.292,0.551,2.0,1.0,3.0,1.0
2024-04-12,5,0.039,0.0,0.961,0.0,1.0,0.0,2.0,0.0
2024-04-12,6,0.587,0.0,0.059,0.354,1.0,0.0,1.0,1.0
2024-04-12,7,1.0,0.0,0.0,0.0,1.0,0.0,0.0,0.0
2024-04-12,8,0.695,0.0,0.305,0.0,1.0,0.0,1.0,0.0
2024-04-12,9,0.518,0.039,0.443,0.0,1.0,1.0,1.0,0.0
2024-04-12,10,0.348,0.0,0.197,0.456,2.0,0.0,2.0,1.0
2024-04-12,11,0.826,0.0,0.118,0.056,1.0,0.0,1.0,1.0
2024-04-12,12,0.393,0.0,0.118,0.489,1.0,0.0,1.0,1.0
2024-04-12,13,0.275,0.0,0.551,0.174,1.0,0.0,2.0,2.0
2024-04-12,14,0.039,0.0,0.511,0.449,1.0,0.0,1.0,2.0
2024-04-12,15,0.695,0.0,0.118,0.187,1.0,0.0,1.0,1.0
2024-04-12,16,1.0,0.0,0.0,0.0,1.0,0.0,0.0,0.0
2024-04-12,17,0.823,0.079,0.098,0.0,2.0,1.0,2.0,0.0
2024-04-12,18,0.0,0.0,0.649,0.351,0.0,0.0,1.0,1.0
2024-04-12,19,0.0,0.0,0.59,0.41,0.0,0.0,1.0,2.0
2024-04-12,20,0.433,0.0,0.502,0.066,1.0,0.0,2.0,1.0
2024-04-12,21,0.0,0.0,0.331,0.669,0.0,0.0,2.0,1.0
2024-04-12,22,0.062,0.0,0.426,0.511,1.0,0.0,1.0,1.0
2024-04-12,23,0.449,0.0,0.511,0.039,2.0,0.0,3.0,1.0
2024-04-13,0,0.0,0.0,0.685,0.315,0.0,0.0,1.0,1.0
2024-04-13,1,0.0,0.0,0.574,0.426,0.0,0.0,1.0,1.0
2024-04-13,2,0.0,0.0,0.797,0.203,0.0,0.0,1.0,1.0
2024-04-13,3,0.0,0.0,0.528,0.472,0.0,0.0,2.0,1.0
2024-04-13,4,0.0,0.0,1.0,0.0,0.0,0.0,1.0,0.0
2024-04-13,5,0.0,0.0,0.764,0.236,0.0,0.0,3.0,2.0
2024-04-13,6,0.0,0.0,1.0,0.0,0.0,0.0,1.0,0.0
2024-04-13,7,0.721,0.0,0.279,0.0,1.0,0.0,1.0,0.0
2024-04-13,8,0.174,0.0,0.826,0.0,3.0,0.0,2.0,0.0
2024-04-13,9,0.089,0.0,0.911,0.0,1.0,0.0,1.0,0.0
2024-04-13,10,0.928,0.0,0.072,0.0,1.0,0.0,1.0,0.0
2024-04-13,11,1.0,0.0,0.0,0.0,1.0,0.0,0.0,0.0
2024-04-13,12,0.528,0.0,0.079,0.393,2.0,0.0,1.0,1.0
2024-04-13,13,1.0,0.0,0.0,0.0,1.0,0.0,0.0,0.0
2024-04-13,14,0.164,0.275,0.197,0.364,1.0,2.0,1.0,1.0
2024-04-13,15,0.066,0.0,0.551,0.384,1.0,0.0,1.0,1.0
2024-04-13,16,1.0,0.0,0.0,0.0,1.0,0.0,0.0,0.0
2024-04-13,17,1.0,0.0,0.0,0.0,1.0,0.0,0.0,0.0
2024-04-13,18,0.216,0.0,0.508,0.275,1.0,0.0,2.0,1.0
2024-04-13,19,0.0,0.0,0.41,0.59,0.0,0.0,2.0,1.0
2024-04-13,20,0.0,0.0,0.616,0.384,0.0,0.0,1.0,1.0
2024-04-13,21,0.0,0.0,0.393,0.607,0.0,0.0,1.0,2.0
2024-04-13,22,0.157,0.0,0.433,0.41,1.0,0.0,2.0,2.0
2024-04-13,23,0.0,0.0,0.787,0.213,0.0,0.0,1.0,3.0
2024-04-14,0,0.764,0.0,0.0,0.236,1.0,0.0,0.0,1.0
2024-04-14,1,0.102,0.0,0.433,0.466,2.0,0.0,2.0,1.0
2024-04-14,2,0.0,0.0,0.63,0.37,0.0,0.0,1.0,2.0
2024-04-14,3,0.0,0.0,0.695,0.305,0.0,0.0,1.0,1.0
2024-04-14,4,0.0,0.0,0.37,0.63,0.0,0.0,2.0,1.0
2024-04-14,5,0.157,0.0,0.843,0.0,2.0,0.0,3.0,0.0
2024-04-14,6,0.0,0.0,0.607,0.393,0.0,0.0,2.0,1.0
2024-04-14,7,0.603,0.0,0.397,0.0,1.0,0.0,1.0,0.0
2024-04-14,8,0.449,0.0,0.551,0.0,4.0,0.0,3.0,0.0
2024-04-14,9,1.0,0.0,0.0,0.0,1.0,0.0,0.0,0.0
2024-04-14,10,0.843,0.0,0.157,0.0,2.0,0.0,1.0,0.0
2024-04-14,11,0.843,0.079,0.079,0.0,2.0,1.0,1.0,0.0
2024-04-14,12,0.079,0.039,0.174,0.708,1.0,1.0,2.0,1.0
2024-04-14,13,0.275,0.0,0.607,0.118,2.0,0.0,2.0,1.0
2024-04-14,14,0.0,0.0,0.37,0.63,0.0,0.0,2.0,1.0
2024-04-14,15,0.0,0.0,0.489,0.511,0.0,0.0,2.0,1.0
2024-04-14,16,0.397,0.039,0.564,0.0,1.0,1.0,1.0,0.0
2024-04-14,17,1.0,0.0,0.0,0.0,1.0,0.0,0.0,0.0
2024-04-14,18,0.846,0.0,0.115,0.039,2.0,0.0,3.0,1.0
2024-04-14,19,0.0,0.0,0.449,0.551,0.0,0.0,2.0,1.0
2024-04-14,20,0.344,0.0,0.341,0.315,1.0,0.0,2.0,1.0
2024-04-14,21,0.049,0.0,0.4,0.551,1.0,0.0,2.0,1.0
2024-04-14,22,0.338,0.0,0.348,0.315,1.0,0.0,1.0,1.0
2024-04-14,23,0.567,0.0,0.118,0.315,1.0,0.0,1.0,2.0
2024-04-16,0,0.0,0.0,0.449,0.551,0.0,0.0,1.0,1.0
2024-04-16,1,0.0,0.0,0.574,0.426,0.0,0.0,1.0,1.0
2024-04-16,2,0.0,0.0,0.757,0.243,0.0,0.0,1.0,1.0
2024-04-16,3,0.0,0.0,0.266,0.734,0.0,0.0,1.0,1.0
2024-04-16,4,0.0,0.0,0.987,0.013,0.0,0.0,1.0,1.0
2024-04-16,5,0.0,0.0,1.0,0.0,0.0,0.0,1.0,0.0
2024-04-16,6,0.197,0.0,0.764,0.039,1.0,0.0,3.0,1.0
2024-04-16,7,0.0,0.0,0.489,0.511,0.0,0.0,2.0,1.0
2024-04-16,8,0.0,0.0,1.0,0.0,0.0,0.0,1.0,0.0
2024-04-16,9,0.085,0.0,0.875,0.039,2.0,0.0,3.0,1.0
2024-04-16,10,1.0,0.0,0.0,0.0,1.0,0.0,0.0,0.0
2024-04-16,11,0.921,0.079,0.0,0.0,2.0,1.0,1.0,0.0
2024-04-16,12,0.489,0.0,0.433,0.079,2.0,0.0,2.0,1.0
2024-04-16,13,0.495,0.039,0.039,0.426,2.0,1.0,1.0,1.0
2024-04-16,14,0.354,0.0,0.393,0.252,1.0,0.0,2.0,3.0
2024-04-16,15,0.0,0.0,0.302,0.698,0.0,0.0,1.0,1.0
2024-04-16,16,0.869,0.0,0.131,0.0,1.0,0.0,1.0,0.0
2024-04-16,17,1.0,0.0,0.0,0.0,1.0,0.0,0.0,0.0
2024-04-16,18,0.216,0.0,0.039,0.744,1.0,0.0,1.0,1.0
2024-04-16,19,0.0,0.0,0.59,0.41,0.0,0.0,1.0,2.0
2024-04-16,20,0.0,0.0,0.698,0.302,0.0,0.0,2.0,2.0
2024-04-16,21,0.0,0.0,0.252,0.748,0.0,0.0,2.0,1.0
2024-04-16,22,0.0,0.0,1.0,0.0,0.0,0.0,1.0,0.0
2024-04-16,23,0.0,0.0,0.843,0.157,0.0,0.0,1.0,2.0
2024-04-19,0,0.882,0.0,0.0,0.118,1.0,0.0,0.0,1.0
2024-04-19,1,0.731,0.0,0.0,0.269,1.0,0.0,0.0,1.0
2024-04-19,2,0.0,0.0,0.285,0.715,0.0,0.0,1.0,1.0
2024-04-19,3,0.0,0.0,0.738,0.262,0.0,0.0,1.0,1.0
2024-04-19,4,0.039,0.0,0.633,0.328,1.0,0.0,2.0,2.0
2024-04-19,5,0.0,0.0,0.449,0.551,0.0,0.0,2.0,1.0
2024-04-19,6,0.311,0.0,0.689,0.0,1.0,0.0,1.0,0.0
2024-04-19,7,0.987,0.0,0.013,0.0,1.0,0.0,1.0,0.0
2024-04-19,8,0.551,0.0,0.066,0.384,1.0,0.0,2.0,1.0
2024-04-19,9,0.0,0.0,0.675,0.325,0.0,0.0,1.0,1.0
2024-04-19,10,0.393,0.079,0.387,0.141,2.0,1.0,3.0,1.0
2024-04-19,11,0.354,0.0,0.275,0.37,1.0,0.0,1.0,1.0
2024-04-19,12,0.0,0.0,0.292,0.708,0.0,0.0,2.0,1.0
2024-04-19,13,0.275,0.0,0.725,0.0,1.0,0.0,2.0,0.0
2024-04-19,14,0.039,0.0,0.793,0.167,1.0,0.0,2.0,2.0
2024-04-19,15,0.184,0.0,0.354,0.462,1.0,0.0,1.0,1.0
2024-04-19,16,0.921,0.079,0.0,0.0,2.0,1.0,0.0,0.0
2024-04-19,17,1.0,0.0,0.0,0.0,1.0,0.0,0.0,0.0
2024-04-19,18,0.492,0.0,0.157,0.351,1.0,0.0,1.0,1.0
2024-04-19,19,0.0,0.0,0.643,0.357,0.0,0.0,2.0,2.0
2024-04-19,20,0.0,0.0,0.459,0.541,0.0,0.0,2.0,2.0
2024-04-19,21,0.0,0.0,0.282,0.718,0.0,0.0,1.0,1.0
2024-04-19,22,0.0,0.0,0.387,0.613,0.0,0.0,1.0,1.0
2024-04-19,23,0.511,0.0,0.393,0.095,1.0,0.0,2.0,2.0
2024-04-20,0,0.213,0.0,0.433,0.354,1.0,0.0,2.0,1.0
2024-04-20,1,0.449,0.0,0.551,0.0,3.0,0.0,2.0,0.0
2024-04-20,2,0.282,0.0,0.433,0.285,3.0,0.0,3.0,1.0
2024-04-20,3,0.0,0.0,0.852,0.148,0.0,0.0,1.0,1.0
2024-04-20,4,0.0,0.0,0.449,0.551,0.0,0.0,2.0,1.0
2024-04-20,5,0.354,0.079,0.567,0.0,1.0,1.0,2.0,0.0
2024-04-20,6,0.0,0.0,0.803,0.197,0.0,0.0,2.0,1.0
2024-04-20,7,0.839,0.0,0.161,0.0,1.0,0.0,1.0,0.0
2024-04-20,8,1.0,0.0,0.0,0.0,1.0,0.0,0.0,0.0
2024-04-20,9,0.993,0.0,0.007,0.0,1.0,0.0,1.0,0.0
2024-04-20,10,0.338,0.0,0.111,0.551,1.0,0.0,1.0,1.0
2024-04-20,11,0.489,0.315,0.197,0.0,1.0,1.0,1.0,0.0
2024-04-20,12,0.331,0.275,0.393,0.0,1.0,1.0,2.0,0.0
2024-04-20,13,0.495,0.118,0.197,0.19,2.0,1.0,2.0,2.0
2024-04-20,14,0.0,0.0,0.482,0.518,0.0,0.0,2.0,2.0
2024-04-20,15,0.42,0.039,0.423,0.118,2.0,1.0,1.0,1.0
2024-04-20,16,1.0,0.0,0.0,0.0,1.0,0.0,0.0,0.0
2024-04-20,17,1.0,0.0,0.0,0.0,1.0,0.0,0.0,0.0
2024-04-20,18,0.452,0.039,0.079,0.43,2.0,1.0,1.0,1.0
2024-04-20,19,0.0,0.0,0.59,0.41,0.0,0.0,1.0,2.0
2024-04-20,20,0.0,0.0,0.226,0.774,0.0,0.0,1.0,1.0
2024-04-20,21,0.708,0.0,0.128,0.164,1.0,0.0,1.0,1.0
2024-04-20,22,0.0,0.0,0.495,0.505,0.0,0.0,1.0,1.0
2024-04-20,23,0.0,0.0,0.37,0.63,0.0,0.0,2.0,1.0
2024-04-21,0,0.197,0.0,0.748,0.056,1.0,0.0,2.0,2.0
2024-04-21,1,0.0,0.0,0.151,0.849,0.0,0.0,1.0,1.0
2024-04-21,2,0.0,0.0,1.0,0.0,0.0,0.0,1.0,0.0
2024-04-21,3,0.0,0.0,0.344,0.656,0.0,0.0,1.0,1.0
2024-04-21,4,0.039,0.0,0.948,0.013,1.0,0.0,2.0,1.0
2024-04-21,5,0.236,0.0,0.764,0.0,1.0,0.0,2.0,0.0
2024-04-21,6,0.118,0.0,0.807,0.075,1.0,0.0,2.0,1.0
2024-04-21,7,0.485,0.0,0.039,0.475,1.0,0.0,1.0,1.0
2024-04-21,8,1.0,0.0,0.0,0.0,1.0,0.0,0.0,0.0
2024-04-21,9,0.41,0.0,0.118,0.472,2.0,0.0,1.0,1.0
2024-04-21,10,0.348,0.0,0.197,0.456,1.0,0.0,1.0,1.0
2024-04-21,11,0.511,0.0,0.236,0.252,1.0,0.0,1.0,1.0
2024-04-21,12,1.0,0.0,0.0,0.0,1.0,0.0,0.0,0.0
2024-04-21,13,0.456,0.0,0.466,0.079,1.0,0.0,2.0,1.0
2024-04-21,14,0.0,0.0,0.125,0.875,0.0,0.0,1.0,1.0
2024-04-21,15,0.577,0.0,0.315,0.108,1.0,0.0,1.0,1.0
2024-04-21,16,1.0,0.0,0.0,0.0,1.0,0.0,0.0,0.0
2024-04-21,17,1.0,0.0,0.0,0.0,1.0,0.0,0.0,0.0
2024-04-21,18,0.059,0.0,0.039,0.902,1.0,0.0,1.0,1.0
2024-04-21,19,0.0,0.0,0.59,0.41,0.0,0.0,1.0,2.0
2024-04-21,20,0.0,0.0,0.502,0.498,0.0,0.0,1.0,1.0
2024-04-21,21,0.085,0.0,0.285,0.63,1.0,0.0,1.0,1.0
2024-04-21,22,0.19,0.0,0.472,0.338,1.0,0.0,1.0,1.0
2024-04-21,23,0.197,0.0,0.59,0.213,1.0,0.0,2.0,2.0
2024-04-23,0,0.0,0.0,0.41,0.59,0.0,0.0,2.0,1.0
2024-04-23,1,0.0,0.0,1.0,0.0,0.0,0.0,1.0,0.0
2024-04-23,2,0.0,0.0,0.567,0.433,0.0,0.0,2.0,1.0
2024-04-23,3,0.0,0.0,1.0,0.0,0.0,0.0,1.0,0.0
2024-04-23,4,0.039,0.0,0.685,0.275,1.0,0.0,3.0,2.0
2024-04-23,5,0.0,0.0,0.528,0.472,0.0,0.0,3.0,2.0
2024-04-23,6,0.626,0.0,0.374,0.0,1.0,0.0,1.0,0.0
2024-04-23,7,0.961,0.039,0.0,0.0,2.0,1.0,0.0,0.0
2024-04-23,8,0.813,0.0,0.118,0.069,1.0,0.0,1.0,1.0
2024-04-23,9,0.0,0.0,0.63,0.37,0.0,0.0,1.0,2.0
2024-04-23,10,0.77,0.0,0.039,0.19,1.0,0.0,1.0,2.0
2024-04-23,11,0.764,0.157,0.079,0.0,3.0,1.0,1.0,0.0
2024-04-23,12,0.275,0.0,0.37,0.354,1.0,0.0,2.0,1.0
2024-04-23,13,0.236,0.0,0.567,0.197,1.0,0.0,4.0,2.0
2024-04-23,14,0.551,0.0,0.449,0.0,1.0,0.0,2.0,0.0
2024-04-23,15,0.039,0.0,0.607,0.354,1.0,0.0,2.0,1.0
2024-04-23,16,0.0,0.0,1.0,0.0,0.0,0.0,1.0,0.0
2024-04-23,17,0.334,0.079,0.469,0.118,1.0,1.0,1.0,1.0
2024-04-23,18,1.0,0.0,0.0,0.0,1.0,0.0,0.0,0.0
2024-04-23,19,1.0,0.0,0.0,0.0,1.0,0.0,0.0,0.0
2024-04-23,20,0.144,0.0,0.187,0.669,1.0,0.0,1.0,1.0
2024-04-23,21,0.439,0.0,0.364,0.197,1.0,0.0,2.0,1.0
2024-04-23,22,0.072,0.0,0.259,0.669,1.0,0.0,2.0,1.0
2024-04-23,23,0.0,0.0,0.725,0.275,0.0,0.0,2.0,1.0
2024-04-24,0,0.118,0.095,0.433,0.354,1.0,2.0,4.0,2.0
2024-04-24,1,0.0,0.062,0.472,0.466,0.0,1.0,1.0,1.0
2024-04-24,2,0.0,0.0,0.757,0.243,0.0,0.0,1.0,1.0
2024-04-24,3,0.0,0.0,0.331,0.669,0.0,0.0,2.0,1.0
2024-04-24,4,0.118,0.0,0.567,0.315,1.0,0.0,3.0,1.0
2024-04-24,5,0.039,0.0,0.666,0.295,1.0,0.0,2.0,1.0
2024-04-24,6,0.748,0.0,0.193,0.059,1.0,0.0,1.0,1.0
2024-04-24,7,0.957,0.0,0.043,0.0,1.0,0.0,1.0,0.0
2024-04-24,8,0.892,0.0,0.108,0.0,1.0,0.0,1.0,0.0
2024-04-24,9,0.0,0.0,0.331,0.669,0.0,0.0,2.0,1.0
2024-04-24,10,0.0,0.0,0.567,0.433,0.0,0.0,2.0,1.0
2024-04-24,11,0.393,0.0,0.489,0.118,2.0,0.0,1.0,1.0
2024-04-24,12,0.905,0.0,0.039,0.056,1.0,0.0,1.0,1.0
2024-04-24,13,0.393,0.0,0.19,0.416,1.0,0.0,1.0,1.0
2024-04-24,14,0.039,0.0,0.911,0.049,1.0,0.0,3.0,2.0
2024-04-24,15,0.0,0.0,0.341,0.659,0.0,0.0,1.0,1.0
2024-04-24,16,0.0,0.0,0.646,0.354,0.0,0.0,3.0,2.0
2024-04-24,17,0.767,0.0,0.036,0.197,1.0,0.0,1.0,1.0
2024-04-24,18,1.0,0.0,0.0,0.0,1.0,0.0,0.0,0.0
2024-04-24,19,0.003,0.0,0.249,0.748,1.0,0.0,2.0,1.0
2024-04-24,20,0.0,0.0,0.184,0.816,0.0,0.0,1.0,1.0
2024-04-24,21,0.0,0.0,0.63,0.37,0.0,0.0,1.0,2.0
2024-04-24,22,0.0,0.0,0.259,0.741,0.0,0.0,1.0,1.0
2024-04-24,23,0.0,0.0,0.449,0.551,0.0,0.0,1.0,2.0
2024-04-25,0,0.0,0.0,0.843,0.157,0.0,0.0,1.0,1.0
2024-04-25,1,0.0,0.0,0.37,0.63,0.0,0.0,2.0,1.0
2024-04-25,2,0.0,0.0,0.754,0.246,0.0,0.0,1.0,1.0
2024-04-25,3,0.0,0.0,0.38,0.62,0.0,0.0,1.0,1.0
2024-04-25,4,0.118,0.0,0.803,0.079,2.0,0.0,3.0,1.0
2024-04-25,5,0.0,0.0,0.292,0.708,0.0,0.0,2.0,1.0
2024-04-25,6,0.508,0.0,0.492,0.0,1.0,0.0,1.0,0.0
2024-04-25,7,1.0,0.0,0.0,0.0,1.0,0.0,0.0,0.0
2024-04-25,8,0.656,0.0,0.079,0.266,2.0,0.0,1.0,2.0
2024-04-25,9,0.0,0.0,0.518,0.482,0.0,0.0,1.0,1.0
2024-04-25,10,0.889,0.0,0.111,0.0,1.0,0.0,1.0,0.0
2024-04-25,11,0.37,0.0,0.039,0.59,1.0,0.0,1.0,1.0
2024-04-25,12,0.41,0.0,0.236,0.354,1.0,0.0,1.0,1.0
2024-04-25,13,0.764,0.0,0.0,0.236,3.0,0.0,0.0,1.0
2024-04-25,14,0.085,0.0,0.63,0.285,2.0,0.0,2.0,1.0
2024-04-25,15,0.144,0.0,0.511,0.344,1.0,0.0,1.0,1.0
2024-04-25,16,1.0,0.0,0.0,0.0,1.0,0.0,0.0,0.0
2024-04-25,17,1.0,0.0,0.0,0.0,1.0,0.0,0.0,0.0
2024-04-25,18,0.492,0.0,0.079,0.43,1.0,0.0,1.0,1.0
2024-04-25,19,0.118,0.0,0.275,0.607,1.0,0.0,1.0,2.0
2024-04-25,20,0.069,0.0,0.433,0.498,1.0,0.0,1.0,1.0
2024-04-25,21,0.639,0.0,0.039,0.321,1.0,0.0,1.0,1.0
2024-04-25,22,0.0,0.0,0.416,0.584,0.0,0.0,1.0,1.0
2024-04-25,23,0.197,0.0,0.252,0.551,1.0,0.0,1.0,2.0
2024-04-26,0,0.921,0.0,0.079,0.0,3.0,0.0,2.0,0.0
2024-04-26,1,0.692,0.0,0.079,0.23,1.0,0.0,1.0,1.0
2024-04-26,2,0.315,0.0,0.118,0.567,1.0,0.0,1.0,2.0
2024-04-26,3,0.118,0.0,0.472,0.41,1.0,0.0,2.0,3.0
2024-04-26,4,0.0,0.0,0.397,0.603,0.0,0.0,1.0,1.0
2024-04-26,5,0.315,0.0,0.43,0.256,2.0,0.0,3.0,2.0
2024-04-26,6,0.197,0.0,0.354,0.449,2.0,0.0,2.0,2.0
2024-04-26,7,0.013,0.0,0.669,0.318,1.0,0.0,1.0,1.0
2024-04-26,8,0.577,0.0,0.393,0.03,1.0,0.0,1.0,1.0
2024-04-26,9,0.669,0.0,0.164,0.167,2.0,0.0,2.0,1.0
2024-04-26,10,0.0,0.0,0.741,0.259,0.0,0.0,1.0,1.0
2024-04-26,11,0.866,0.0,0.0,0.134,1.0,0.0,0.0,1.0
2024-04-26,12,0.197,0.0,0.079,0.725,1.0,0.0,1.0,1.0
2024-04-26,13,0.426,0.0,0.551,0.023,1.0,0.0,1.0,1.0
2024-04-26,14,0.321,0.0,0.511,0.167,2.0,0.0,4.0,3.0
2024-04-26,15,0.144,0.0,0.472,0.384,1.0,0.0,1.0,1.0
2024-04-26,16,1.0,0.0,0.0,0.0,1.0,0.0,0.0,0.0
2024-04-26,17,1.0,0.0,0.0,0.0,1.0,0.0,0.0,0.0
2024-04-26,18,0.334,0.118,0.197,0.351,1.0,1.0,1.0,1.0
2024-04-26,19,0.0,0.0,0.485,0.515,0.0,0.0,1.0,1.0
2024-04-26,20,0.0,0.0,0.489,0.511,0.0,0.0,2.0,1.0
2024-04-26,21,0.0,0.0,0.679,0.321,0.0,0.0,1.0,1.0
2024-04-26,22,0.0,0.0,0.77,0.23,0.0,0.0,1.0,1.0
2024-04-26,23,0.0,0.0,0.252,0.748,1.0,0.0,2.0,1.0
2024-04-27,0,0.0,0.0,1.0,0.0,0.0,0.0,1.0,0.0
2024-04-27,1,0.0,0.0,0.331,0.669,0.0,0.0,2.0,1.0
2024-04-27,2,0.0,0.0,1.0,0.0,0.0,0.0,1.0,0.0
2024-04-27,3,0.0,0.0,0.58,0.42,0.0,0.0,1.0,1.0
2024-04-27,4,0.0,0.0,0.593,0.407,0.0,0.0,1.0,1.0
2024-04-27,5,0.079,0.039,0.882,0.0,1.0,1.0,2.0,0.0
2024-04-27,6,0.0,0.0,0.764,0.236,0.0,0.0,2.0,1.0
2024-04-27,7,0.918,0.0,0.082,0.0,1.0,0.0,1.0,0.0
2024-04-27,8,0.725,0.275,0.0,0.0,3.0,2.0,0.0,0.0
2024-04-27,9,0.718,0.0,0.039,0.243,1.0,0.0,1.0,1.0
2024-04-27,10,0.0,0.0,0.495,0.505,0.0,0.0,1.0,1.0
2024-04-27,11,0.905,0.0,0.095,0.0,1.0,0.0,1.0,0.0
2024-04-27,12,0.393,0.0,0.056,0.551,1.0,0.0,1.0,1.0
2024-04-27,13,0.393,0.0,0.607,0.0,2.0,0.0,3.0,0.0
2024-04-27,14,0.0,0.0,0.489,0.511,0.0,0.0,2.0,1.0
2024-04-27,15,0.223,0.0,0.502,0.275,1.0,0.0,1.0,1.0
2024-04-27,16,1.0,0.0,0.0,0.0,1.0,0.0,0.0,0.0
2024-04-27,17,1.0,0.0,0.0,0.0,1.0,0.0,0.0,0.0
2024-04-27,18,0.374,0.0,0.118,0.508,1.0,0.0,1.0,1.0
2024-04-27,19,0.0,0.0,0.564,0.436,0.0,0.0,2.0,2.0
2024-04-27,20,0.108,0.0,0.616,0.275,1.0,0.0,3.0,2.0
2024-04-27,21,0.167,0.0,0.282,0.551,1.0,0.0,2.0,1.0
2024-04-27,22,0.692,0.0,0.308,0.0,1.0,0.0,1.0,0.0
2024-04-27,23,0.449,0.0,0.118,0.433,2.0,0.0,3.0,1.0
2024-04-28,0,0.079,0.0,0.354,0.567,1.0,0.0,1.0,1.0
2024-04-28,1,0.0,0.0,0.826,0.174,0.0,0.0,1.0,2.0
2024-04-28,2,0.0,0.0,0.521,0.479,0.0,0.0,1.0,1.0
2024-04-28,3,0.0,0.0,0.41,0.59,0.0,0.0,2.0,1.0
2024-04-28,4,0.0,0.0,1.0,0.0,0.0,0.0,1.0,0.0
2024-04-28,5,0.157,0.0,0.843,0.0,1.0,0.0,2.0,0.0
2024-04-28,6,0.075,0.0,0.413,0.511,1.0,0.0,2.0,1.0
2024-04-28,7,1.0,0.0,0.0,0.0,1.0,0.0,0.0,0.0
2024-04-28,8,1.0,0.0,0.0,0.0,1.0,0.0,0.0,0.0
2024-04-28,9,0.331,0.0,0.275,0.393,2.0,0.0,2.0,1.0
2024-04-28,10,0.623,0.0,0.118,0.259,2.0,0.0,1.0,1.0
2024-04-28,11,0.118,0.0,0.393,0.489,1.0,0.0,1.0,1.0
2024-04-28,12,1.0,0.0,0.0,0.0,1.0,0.0,0.0,0.0
2024-04-28,13,0.338,0.0,0.354,0.308,1.0,0.0,1.0,1.0
2024-04-28,14,0.118,0.0,0.551,0.331,2.0,0.0,3.0,2.0
2024-04-28,15,0.498,0.0,0.0,0.502,1.0,0.0,0.0,1.0
2024-04-28,16,0.961,0.039,0.0,0.0,2.0,1.0,0.0,0.0
2024-04-28,17,1.0,0.0,0.0,0.0,1.0,0.0,0.0,0.0
2024-04-28,18,0.413,0.0,0.079,0.508,3.0,0.0,2.0,1.0
2024-04-28,19,0.0,0.0,0.485,0.515,0.0,0.0,2.0,2.0
2024-04-28,20,0.0,0.0,0.646,0.354,0.0,0.0,2.0,1.0
2024-04-28,21,0.0,0.0,0.364,0.636,0.0,0.0,1.0,1.0
2024-04-28,22,0.692,0.0,0.197,0.111,1.0,0.0,1.0,1.0
2024-04-28,23,1.0,0.0,0.0,0.0,2.0,0.0,0.0,0.0
2024-04-29,0,0.118,0.0,0.134,0.748,1.0,0.0,2.0,1.0
2024-04-29,1,0.0,0.0,0.456,0.544,0.0,0.0,1.0,1.0
2024-04-29,2,0.0,0.0,0.708,0.292,0.0,0.0,1.0,2.0
2024-04-29,3,0.0,0.0,0.577,0.423,0.0,0.0,1.0,1.0
2024-04-29,4,0.275,0.0,0.252,0.472,1.0,0.0,2.0,1.0
2024-04-29,5,0.0,0.0,0.705,0.295,0.0,0.0,1.0,1.0
2024-04-29,6,0.0,0.0,0.587,0.413,0.0,0.0,1.0,1.0
2024-04-29,7,0.8,0.0,0.2,0.0,1.0,0.0,1.0,0.0
2024-04-29,8,0.656,0.0,0.187,0.157,2.0,0.0,2.0,2.0
2024-04-29,9,0.282,0.0,0.167,0.551,1.0,0.0,1.0,1.0
2024-04-29,10,0.41,0.0,0.354,0.236,2.0,0.0,1.0,1.0
2024-04-29,11,0.174,0.0,0.393,0.433,2.0,0.0,2.0,1.0
2024-04-29,12,0.252,0.039,0.433,0.275,2.0,1.0,1.0,1.0
2024-04-29,13,0.574,0.0,0.197,0.23,1.0,0.0,1.0,1.0
2024-04-29,14,0.167,0.0,0.551,0.282,2.0,0.0,2.0,1.0
2024-04-29,15,0.148,0.0,0.315,0.538,1.0,0.0,1.0,1.0
2024-04-29,16,0.121,0.0,0.866,0.013,1.0,0.0,1.0,1.0
2024-04-29,17,1.0,0.0,0.0,0.0,1.0,0.0,0.0,0.0
2024-04-29,18,0.649,0.0,0.0,0.351,1.0,0.0,0.0,1.0
2024-04-29,19,0.393,0.0,0.197,0.41,1.0,0.0,1.0,2.0
2024-04-29,20,0.0,0.0,0.384,0.616,0.0,0.0,1.0,1.0
2024-04-29,21,0.0,0.0,0.6,0.4,0.0,0.0,1.0,1.0
2024-04-29,22,0.354,0.0,0.416,0.23,1.0,0.0,2.0,1.0
2024-04-29,23,0.0,0.0,0.252,0.748,1.0,0.0,2.0,1.0
2024-04-30,0,0.0,0.0,0.866,0.134,0.0,0.0,1.0,1.0
2024-04-30,1,0.0,0.0,0.623,0.377,0.0,0.0,1.0,1.0
2024-04-30,2,0.0,0.0,0.675,0.325,0.0,0.0,1.0,1.0
2024-04-30,3,0.0,0.0,0.734,0.266,0.0,0.0,1.0,1.0
2024-04-30,4,0.197,0.0,0.725,0.079,2.0,0.0,4.0,1.0
2024-04-30,5,0.0,0.0,0.823,0.177,0.0,0.0,1.0,1.0
2024-04-30,6,0.508,0.0,0.197,0.295,1.0,0.0,1.0,1.0
2024-04-30,7,0.921,0.079,0.0,0.0,2.0,1.0,0.0,0.0
2024-04-30,8,0.105,0.0,0.266,0.63,1.0,0.0,2.0,1.0
2024-04-30,9,0.439,0.0,0.403,0.157,1.0,0.0,1.0,1.0
2024-04-30,10,1.0,0.0,0.0,0.0,1.0,0.0,0.0,0.0
2024-04-30,11,0.134,0.0,0.433,0.433,2.0,0.0,2.0,1.0
2024-04-30,12,1.0,0.0,0.0,0.0,1.0,0.0,0.0,0.0
2024-04-30,13,0.613,0.079,0.23,0.079,2.0,1.0,3.0,1.0
2024-04-30,14,0.118,0.0,0.331,0.551,1.0,0.0,4.0,2.0
2024-04-30,15,0.0,0.0,0.567,0.433,0.0,0.0,2.0,1.0
2024-04-30,16,0.83,0.0,0.17,0.0,1.0,0.0,1.0,0.0
2024-04-30,17,1.0,0.0,0.0,0.0,1.0,0.0,0.0,0.0
2024-04-30,18,0.256,0.079,0.197,0.469,2.0,1.0,2.0,1.0
2024-04-30,19,0.0,0.0,0.63,0.37,0.0,0.0,1.0,2.0
2024-04-30,20,0.0,0.0,0.266,0.734,0.0,0.0,1.0,1.0
2024-04-30,21,0.0,0.0,0.403,0.597,0.0,0.0,1.0,1.0
2024-04-30,22,0.0,0.0,0.63,0.37,0.0,0.0,1.0,2.0
2024-04-30,23,0.433,0.039,0.236,0.292,1.0,1.0,3.0,1.0
2024-05-01,0,0.0,0.0,0.449,0.551,0.0,0.0,2.0,1.0
2024-05-01,1,0.0,0.0,0.489,0.511,0.0,0.0,2.0,1.0
2024-05-01,2,0.0,0.0,0.872,0.128,0.0,0.0,1.0,1.0
2024-05-01,3,0.0,0.0,0.616,0.384,0.0,0.0,1.0,1.0
2024-05-01,4,0.157,0.039,0.725,0.079,2.0,1.0,3.0,1.0
2024-05-01,5,0.0,0.0,0.311,0.689,0.0,0.0,1.0,1.0
2024-05-01,6,0.233,0.0,0.708,0.059,1.0,0.0,1.0,1.0
2024-05-01,7,1.0,0.0,0.0,0.0,1.0,0.0,0.0,0.0
2024-05-01,8,0.577,0.0,0.197,0.226,2.0,0.0,2.0,1.0
2024-05-01,9,0.393,0.0,0.551,0.056,1.0,0.0,1.0,2.0
2024-05-01,10,0.511,0.0,0.18,0.308,2.0,0.0,3.0,1.0
2024-05-01,11,0.354,0.0,0.252,0.393,1.0,0.0,3.0,1.0
2024-05-01,12,0.118,0.0,0.393,0.489,1.0,0.0,2.0,1.0
2024-05-01,13,0.0,0.0,0.63,0.37,0.0,0.0,1.0,2.0
2024-05-01,14,0.325,0.0,0.472,0.203,3.0,0.0,3.0,1.0
2024-05-01,15,0.816,0.0,0.184,0.0,3.0,0.0,3.0,0.0
2024-05-01,16,0.039,0.0,0.607,0.354,1.0,0.0,3.0,1.0
2024-05-01,17,0.57,0.0,0.43,0.0,1.0,0.0,1.0,0.0
2024-05-01,18,1.0,0.0,0.0,0.0,1.0,0.0,0.0,0.0
2024-05-01,19,0.554,0.0,0.039,0.407,1.0,0.0,1.0,1.0
2024-05-01,20,0.0,0.0,0.226,0.774,0.0,0.0,1.0,1.0
2024-05-01,21,0.0,0.0,0.443,0.557,0.0,0.0,1.0,1.0
2024-05-01,22,0.0,0.0,0.511,0.489,0.0,0.0,1.0,2.0
2024-05-01,23,0.197,0.0,0.433,0.37,3.0,0.0,3.0,3.0
2024-05-02,0,0.433,0.0,0.174,0.393,1.0,0.0,1.0,1.0
2024-05-02,1,0.039,0.0,0.298,0.662,1.0,0.0,2.0,1.0
2024-05-02,2,0.0,0.0,0.669,0.331,0.0,0.0,1.0,2.0
2024-05-02,3,0.0,0.0,0.656,0.344,0.0,0.0,1.0,1.0
2024-05-02,4,0.0,0.0,0.8,0.2,0.0,0.0,1.0,1.0
2024-05-02,5,0.57,0.0,0.0,0.43,1.0,0.0,0.0,1.0
2024-05-02,6,0.531,0.0,0.469,0.0,2.0,0.0,2.0,0.0
2024-05-02,7,0.8,0.0,0.043,0.157,1.0,0.0,1.0,1.0
2024-05-02,8,0.42,0.0,0.079,0.502,1.0,0.0,1.0,1.0
2024-05-02,9,0.0,0.0,0.511,0.489,0.0,0.0,1.0,2.0
2024-05-02,10,0.377,0.0,0.0,0.623,1.0,0.0,0.0,1.0
2024-05-02,11,0.41,0.0,0.315,0.275,2.0,0.0,2.0,1.0
2024-05-02,12,0.134,0.0,0.118,0.748,1.0,0.0,1.0,1.0
2024-05-02,13,0.77,0.0,0.23,0.0,3.0,0.0,3.0,0.0
2024-05-02,14,0.0,0.0,0.557,0.443,0.0,0.0,2.0,2.0
2024-05-02,15,0.656,0.0,0.236,0.108,1.0,0.0,1.0,1.0
2024-05-02,16,1.0,0.0,0.0,0.0,1.0,0.0,0.0,0.0
2024-05-02,17,0.469,0.531,0.0,0.0,3.0,3.0,0.0,0.0
2024-05-02,18,0.823,0.177,0.0,0.0,3.0,2.0,0.0,0.0
2024-05-02,19,0.475,0.039,0.0,0.485,2.0,1.0,0.0,1.0
2024-05-02,20,0.0,0.0,0.266,0.734,0.0,0.0,1.0,1.0
2024-05-02,21,0.0,0.0,0.049,0.951,0.0,0.0,1.0,1.0
2024-05-02,22,0.495,0.0,0.0,0.505,1.0,0.0,0.0,1.0
2024-05-02,23,0.607,0.079,0.079,0.236,2.0,1.0,1.0,2.0
2024-05-04,0,0.118,0.0,0.449,0.433,1.0,0.0,2.0,2.0
2024-05-04,1,0.348,0.0,0.18,0.472,1.0,0.0,1.0,1.0
2024-05-04,2,1.0,0.0,0.0,0.0,1.0,0.0,0.0,0.0
2024-05-04,3,0.03,0.0,0.262,0.708,1.0,0.0,1.0,1.0
2024-05-04,4,0.0,0.0,0.446,0.554,0.0,0.0,1.0,1.0
2024-05-04,5,0.157,0.0,0.649,0.193,1.0,0.0,2.0,1.0
2024-05-04,6,0.0,0.0,0.41,0.59,0.0,0.0,2.0,1.0
2024-05-04,7,0.485,0.118,0.397,0.0,1.0,1.0,1.0,0.0
2024-05-04,8,1.0,0.0,0.0,0.0,1.0,0.0,0.0,0.0
2024-05-04,9,0.521,0.0,0.197,0.282,1.0,0.0,1.0,1.0
2024-05-04,10,0.298,0.0,0.393,0.308,1.0,0.0,1.0,1.0
2024-05-04,11,1.0,0.0,0.0,0.0,1.0,0.0,0.0,0.0
2024-05-04,12,0.472,0.0,0.275,0.252,2.0,0.0,2.0,1.0
2024-05-04,13,0.78,0.0,0.0,0.22,1.0,0.0,0.0,1.0
2024-05-04,14,0.007,0.0,0.511,0.482,1.0,0.0,1.0,1.0
2024-05-04,15,0.538,0.0,0.236,0.226,1.0,0.0,1.0,1.0
2024-05-04,16,1.0,0.0,0.0,0.0,1.0,0.0,0.0,0.0
2024-05-04,17,0.98,0.02,0.0,0.0,1.0,1.0,0.0,0.0
2024-05-04,18,0.0,0.807,0.0,0.193,0.0,1.0,0.0,1.0
2024-05-04,19,0.0,0.0,0.446,0.554,0.0,0.0,1.0,1.0
2024-05-04,20,0.0,0.0,0.449,0.551,0.0,0.0,2.0,1.0
2024-05-04,21,0.0,0.0,0.797,0.203,0.0,0.0,1.0,1.0
2024-05-04,22,0.0,0.0,0.708,0.292,0.0,0.0,1.0,2.0
2024-05-04,23,0.393,0.0,0.197,0.41,1.0,0.0,2.0,4.0
2024-05-05,0,0.685,0.0,0.315,0.0,2.0,0.0,1.0,0.0
2024-05-05,1,0.338,0.0,0.544,0.118,2.0,0.0,3.0,1.0
2024-05-05,2,0.0,0.0,0.331,0.669,0.0,0.0,2.0,1.0
2024-05-05,3,0.0,0.0,0.58,0.42,0.0,0.0,1.0,1.0
2024-05-05,4,0.0,0.0,0.866,0.134,0.0,0.0,1.0,2.0
2024-05-05,5,0.118,0.039,0.413,0.43,1.0,1.0,1.0,1.0
2024-05-05,6,0.0,0.0,0.489,0.511,0.0,0.0,2.0,1.0
2024-05-05,7,0.236,0.039,0.725,0.0,2.0,1.0,3.0,0.0
2024-05-05,8,0.275,0.0,0.725,0.0,2.0,0.0,3.0,0.0
2024-05-05,9,0.597,0.118,0.285,0.0,2.0,1.0,1.0,0.0
2024-05-05,10,0.449,0.0,0.236,0.315,2.0,0.0,1.0,1.0
2024-05-05,11,0.921,0.0,0.079,0.0,2.0,0.0,1.0,0.0
2024-05-05,12,1.0,0.0,0.0,0.0,1.0,0.0,0.0,0.0
2024-05-05,13,0.692,0.0,0.157,0.151,1.0,0.0,1.0,1.0
2024-05-05,14,0.0,0.0,0.521,0.479,0.0,0.0,2.0,2.0
2024-05-05,15,0.302,0.0,0.187,0.511,1.0,0.0,1.0,1.0
2024-05-05,16,1.0,0.0,0.0,0.0,1.0,0.0,0.0,0.0
2024-05-05,17,0.705,0.0,0.295,0.0,3.0,0.0,3.0,0.0
2024-05-05,18,0.039,0.0,0.607,0.354,1.0,0.0,2.0,1.0
2024-05-05,19,0.0,0.0,0.37,0.63,0.0,0.0,2.0,1.0
2024-05-05,20,0.0,0.0,0.577,0.423,0.0,0.0,1.0,1.0
2024-05-05,21,0.0,0.0,0.551,0.449,0.0,0.0,1.0,2.0
2024-05-05,22,0.0,0.0,0.59,0.41,0.0,0.0,1.0,2.0
2024-05-05,23,0.0,0.0,0.63,0.37,1.0,0.0,1.0,1.0
2024-05-06,0,0.0,0.0,0.764,0.236,0.0,0.0,2.0,1.0
2024-05-06,1,0.0,0.0,1.0,0.0,0.0,0.0,1.0,0.0
2024-05-06,2,0.0,0.0,0.597,0.403,0.0,0.0,1.0,1.0
2024-05-06,3,0.0,0.0,0.656,0.344,0.0,0.0,1.0,1.0
2024-05-06,4,0.118,0.0,0.882,0.0,1.0,0.0,2.0,0.0
2024-05-06,5,0.0,0.0,0.193,0.807,0.0,0.0,1.0,1.0
2024-05-06,6,0.626,0.0,0.354,0.02,1.0,0.0,1.0,1.0
2024-05-06,7,0.711,0.079,0.197,0.013,2.0,1.0,1.0,1.0
2024-05-06,8,0.0,0.0,0.226,0.774,0.0,0.0,1.0,1.0
2024-05-06,9,0.361,0.0,0.639,0.0,1.0,0.0,1.0,0.0
2024-05-06,10,0.685,0.0,0.315,0.0,5.0,0.0,3.0,0.0
2024-05-06,11,0.489,0.0,0.275,0.236,2.0,0.0,2.0,1.0
2024-05-06,12,1.0,0.0,0.0,0.0,1.0,0.0,0.0,0.0
2024-05-06,13,0.338,0.0,0.0,0.662,1.0,0.0,0.0,1.0
2024-05-06,14,0.275,0.0,0.561,0.164,3.0,0.0,3.0,2.0
2024-05-06,15,0.026,0.0,0.344,0.63,1.0,0.0,2.0,1.0
2024-05-06,16,0.961,0.039,0.0,0.0,2.0,1.0,0.0,0.0
2024-05-06,17,1.0,0.0,0.0,0.0,1.0,0.0,0.0,0.0
2024-05-06,18,0.649,0.0,0.118,0.233,1.0,0.0,1.0,1.0
2024-05-06,19,0.157,0.0,0.275,0.567,1.0,0.0,2.0,2.0
2024-05-06,20,0.0,0.0,0.62,0.38,0.0,0.0,1.0,1.0
2024-05-06,21,0.0,0.0,0.292,0.708,0.0,0.0,2.0,1.0
2024-05-06,22,0.102,0.0,0.584,0.315,1.0,0.0,1.0,1.0
2024-05-06,23,0.646,0.0,0.275,0.079,2.0,0.0,3.0,1.0
2024-05-07,0,0.0,0.0,0.37,0.63,0.0,0.0,1.0,1.0
2024-05-07,1,0.0,0.0,0.41,0.59,0.0,0.0,2.0,1.0
2024-05-07,2,0.0,0.0,0.528,0.472,0.0,0.0,2.0,1.0
2024-05-07,3,0.0,0.0,0.974,0.026,0.0,0.0,1.0,1.0
2024-05-07,4,0.197,0.0,0.279,0.525,2.0,0.0,2.0,1.0
2024-05-07,5,0.0,0.0,0.528,0.472,0.0,0.0,2.0,1.0
2024-05-07,6,0.784,0.0,0.216,0.0,1.0,0.0,1.0,0.0
2024-05-07,7,1.0,0.0,0.0,0.0,1.0,0.0,0.0,0.0
2024-05-07,8,0.341,0.0,0.551,0.108,2.0,0.0,2.0,1.0
2024-05-07,9,0.905,0.0,0.046,0.049,1.0,0.0,2.0,1.0
2024-05-07,10,0.0,0.0,0.449,0.551,0.0,0.0,2.0,1.0
2024-05-07,11,0.708,0.0,0.292,0.0,1.0,0.0,1.0,0.0
2024-05-07,12,0.921,0.079,0.0,0.0,2.0,1.0,0.0,0.0
2024-05-07,13,0.062,0.315,0.236,0.387,1.0,1.0,1.0,1.0
2024-05-07,14,0.039,0.0,0.551,0.41,1.0,0.0,1.0,2.0
2024-05-07,15,0.184,0.0,0.393,0.423,1.0,0.0,1.0,1.0
2024-05-07,16,1.0,0.0,0.0,0.0,1.0,0.0,0.0,0.0
2024-05-07,17,1.0,0.0,0.0,0.0,1.0,0.0,0.0,0.0
2024-05-07,18,0.57,0.0,0.079,0.351,1.0,0.0,1.0,1.0
2024-05-07,19,0.0,0.0,0.8,0.2,0.0,0.0,1.0,1.0
2024-05-07,20,0.0,0.0,0.528,0.472,0.0,0.0,2.0,1.0
2024-05-07,21,0.0,0.0,0.37,0.63,0.0,0.0,2.0,1.0
2024-05-07,22,0.0,0.0,0.662,0.338,0.0,0.0,1.0,1.0
2024-05-07,23,0.0,0.0,0.787,0.213,0.0,0.0,1.0,2.0
2024-05-08,0,0.0,0.0,0.607,0.393,0.0,0.0,2.0,1.0
2024-05-08,1,0.0,0.0,0.613,0.387,0.0,0.0,1.0,1.0
2024-05-08,2,0.0,0.0,0.718,0.282,0.0,0.0,1.0,1.0
2024-05-08,3,0.0,0.0,1.0,0.0,0.0,0.0,1.0,0.0
2024-05-08,4,0.157,0.0,0.489,0.354,1.0,0.0,2.0,1.0
2024-05-08,5,0.157,0.0,0.843,0.0,1.0,0.0,2.0,0.0
2024-05-08,6,0.075,0.0,0.492,0.433,1.0,0.0,2.0,1.0
2024-05-08,7,1.0,0.0,0.0,0.0,1.0,0.0,0.0,0.0
2024-05-08,8,0.066,0.0,0.826,0.108,1.0,0.0,1.0,1.0
2024-05-08,9,0.597,0.0,0.275,0.128,2.0,0.0,1.0,1.0
2024-05-08,10,0.662,0.0,0.338,0.0,4.0,0.0,4.0,0.0
2024-05-08,11,0.0,0.0,0.528,0.472,0.0,0.0,2.0,1.0
2024-05-08,12,0.354,0.118,0.528,0.0,1.0,1.0,2.0,0.0
2024-05-08,13,0.0,0.0,0.646,0.354,0.0,0.0,2.0,1.0
2024-05-08,14,0.0,0.0,0.833,0.167,0.0,0.0,2.0,1.0
2024-05-08,15,0.039,0.0,0.813,0.148,1.0,0.0,1.0,1.0
2024-05-08,16,0.393,0.003,0.603,0.0,1.0,1.0,1.0,0.0
2024-05-08,17,0.964,0.036,0.0,0.0,1.0,1.0,0.0,0.0
2024-05-08,18,1.0,0.0,0.0,0.0,1.0,0.0,0.0,0.0
2024-05-08,19,0.83,0.0,0.0,0.17,2.0,0.0,0.0,2.0
2024-05-08,20,0.0,0.0,0.0,1.0,0.0,0.0,0.0,1.0
2024-05-08,21,0.479,0.0,0.511,0.01,1.0,0.0,1.0,1.0
2024-05-08,22,0.095,0.0,0.157,0.748,2.0,0.0,1.0,1.0
2024-05-08,23,0.016,0.0,0.354,0.63,1.0,0.0,2.0,1.0
2024-05-09,0,0.0,0.0,0.63,0.37,0.0,0.0,1.0,2.0
2024-05-09,1,0.0,0.0,0.662,0.338,0.0,0.0,1.0,1.0
2024-05-09,2,0.0,0.0,0.361,0.639,0.0,0.0,1.0,1.0
2024-05-09,3,0.0,0.0,0.774,0.226,0.0,0.0,1.0,1.0
2024-05-09,4,0.197,0.0,0.803,0.0,2.0,0.0,3.0,0.0
2024-05-09,5,0.0,0.0,0.685,0.315,0.0,0.0,2.0,1.0
2024-05-09,6,0.548,0.0,0.452,0.0,1.0,0.0,1.0,0.0
2024-05-09,7,0.843,0.157,0.0,0.0,3.0,2.0,0.0,0.0
2024-05-09,8,0.882,0.118,0.0,0.0,3.0,2.0,0.0,0.0
2024-05-09,9,0.167,0.0,0.4,0.433,1.0,0.0,2.0,1.0
2024-05-09,10,0.393,0.039,0.331,0.236,1.0,1.0,3.0,1.0
2024-05-09,11,0.787,0.039,0.174,0.0,2.0,1.0,1.0,0.0
2024-05-09,12,0.511,0.0,0.315,0.174,2.0,0.0,2.0,2.0
2024-05-09,13,0.269,0.0,0.275,0.456,2.0,0.0,2.0,1.0
2024-05-09,14,0.007,0.118,0.826,0.049,1.0,1.0,1.0,1.0
2024-05-09,15,0.498,0.0,0.197,0.305,1.0,0.0,1.0,1.0
2024-05-09,16,1.0,0.0,0.0,0.0,1.0,0.0,0.0,0.0
2024-05-09,17,1.0,0.0,0.0,0.0,1.0,0.0,0.0,0.0
2024-05-09,18,0.921,0.0,0.079,0.0,2.0,0.0,1.0,0.0
2024-05-09,19,0.161,0.0,0.013,0.826,1.0,0.0,1.0,1.0
2024-05-09,20,0.0,0.0,0.577,0.423,0.0,0.0,1.0,1.0
2024-05-09,21,0.0,0.0,0.675,0.325,0.0,0.0,1.0,1.0
2024-05-09,22,0.393,0.0,0.095,0.511,1.0,0.0,2.0,1.0
2024-05-09,23,0.275,0.0,0.252,0.472,1.0,0.0,2.0,2.0
2024-05-10,0,0.079,0.0,0.551,0.37,1.0,0.0,1.0,2.0
2024-05-10,1,0.0,0.0,0.623,0.377,0.0,0.0,1.0,1.0
2024-05-10,2,0.0,0.0,0.489,0.511,0.0,0.0,2.0,1.0
2024-05-10,3,0.0,0.0,0.449,0.551,0.0,0.0,2.0,1.0
2024-05-10,4,0.079,0.0,0.921,0.0,2.0,0.0,3.0,0.0
2024-05-10,5,0.0,0.0,0.449,0.551,0.0,0.0,2.0,1.0
2024-05-10,6,0.311,0.0,0.689,0.0,1.0,0.0,1.0,0.0
2024-05-10,7,1.0,0.0,0.0,0.0,1.0,0.0,0.0,0.0
2024-05-10,8,0.961,0.039,0.0,0.0,2.0,1.0,0.0,0.0
2024-05-10,9,0.207,0.0,0.157,0.636,1.0,0.0,1.0,1.0
2024-05-10,10,0.511,0.0,0.275,0.213,1.0,0.0,3.0,3.0
2024-05-10,11,0.354,0.0,0.354,0.292,2.0,0.0,1.0,1.0
2024-05-10,12,0.708,0.157,0.134,0.0,1.0,1.0,1.0,0.0
2024-05-10,13,0.787,0.0,0.062,0.151,1.0,0.0,2.0,1.0
2024-05-10,14,0.197,0.0,0.59,0.213,1.0,0.0,1.0,2.0
2024-05-10,15,0.0,0.0,0.472,0.528,0.0,0.0,1.0,2.0
2024-05-10,16,0.79,0.039,0.039,0.131,2.0,1.0,1.0,1.0
2024-05-10,17,0.902,0.0,0.098,0.0,1.0,0.0,1.0,0.0
2024-05-10,18,0.748,0.0,0.02,0.233,2.0,0.0,1.0,1.0
2024-05-10,19,0.0,0.0,0.407,0.593,0.0,0.0,1.0,1.0
2024-05-10,20,0.0,0.0,0.095,0.905,0.0,0.0,2.0,1.0
2024-05-10,21,0.0,0.0,0.679,0.321,0.0,0.0,1.0,1.0
2024-05-10,22,0.0,0.0,0.59,0.41,0.0,0.0,1.0,2.0
2024-05-10,23,0.0,0.0,0.393,0.607,0.0,0.0,1.0,2.0
2024-05-11,0,0.0,0.0,0.826,0.174,0.0,0.0,1.0,1.0
2024-05-11,1,0.0,0.0,0.669,0.331,0.0,0.0,1.0,2.0
2024-05-11,2,0.0,0.0,0.6,0.4,0.0,0.0,1.0,1.0
2024-05-11,3,0.0,0.0,0.292,0.708,0.0,0.0,2.0,1.0
2024-05-11,4,0.0,0.0,1.0,0.0,0.0,0.0,1.0,0.0
2024-05-11,5,0.334,0.0,0.666,0.0,2.0,0.0,2.0,0.0
2024-05-11,6,0.059,0.0,0.472,0.469,1.0,0.0,1.0,1.0
2024-05-11,7,0.839,0.0,0.0,0.161,1.0,0.0,0.0,1.0
2024-05-11,8,0.813,0.0,0.187,0.0,2.0,0.0,2.0,0.0
2024-05-11,9,0.321,0.0,0.128,0.551,1.0,0.0,2.0,1.0
2024-05-11,10,0.584,0.0,0.416,0.0,1.0,0.0,1.0,0.0
2024-05-11,11,0.63,0.0,0.292,0.079,1.0,0.0,1.0,1.0
2024-05-11,12,0.292,0.0,0.197,0.511,2.0,0.0,2.0,1.0
2024-05-11,13,0.534,0.118,0.315,0.033,1.0,1.0,1.0,1.0
2024-05-11,14,0.01,0.0,0.551,0.439,1.0,0.0,2.0,3.0
2024-05-11,15,1.0,0.0,0.0,0.0,1.0,0.0,0.0,0.0
2024-05-11,16,0.37,0.0,0.393,0.236,2.0,0.0,2.0,1.0
2024-05-11,17,1.0,0.0,0.0,0.0,1.0,0.0,0.0,0.0
2024-05-11,18,0.649,0.0,0.039,0.311,1.0,0.0,1.0,1.0
2024-05-11,19,0.0,0.0,0.485,0.515,0.0,0.0,1.0,1.0
2024-05-11,20,0.039,0.0,0.37,0.59,1.0,0.0,2.0,1.0
2024-05-11,21,0.118,0.0,0.797,0.085,1.0,0.0,2.0,1.0
2024-05-11,22,0.0,0.0,0.259,0.741,0.0,0.0,1.0,1.0
2024-05-11,23,0.039,0.0,0.567,0.393,1.0,0.0,3.0,1.0
2024-05-13,0,0.079,0.0,0.118,0.803,1.0,0.0,1.0,1.0
2024-05-13,1,0.0,0.0,0.59,0.41,0.0,0.0,2.0,3.0
2024-05-13,2,0.0,0.0,0.285,0.715,0.0,0.0,1.0,1.0
2024-05-13,3,0.0,0.0,0.423,0.577,0.0,0.0,1.0,1.0
2024-05-13,4,0.039,0.0,0.948,0.013,1.0,0.0,2.0,1.0
2024-05-13,5,0.0,0.0,0.272,0.728,0.0,0.0,1.0,1.0
2024-05-13,6,0.39,0.0,0.59,0.02,2.0,0.0,2.0,1.0
2024-05-13,7,1.0,0.0,0.0,0.0,1.0,0.0,0.0,0.0
2024-05-13,8,0.695,0.0,0.236,0.069,2.0,0.0,2.0,1.0
2024-05-13,9,0.0,0.0,0.518,0.482,0.0,0.0,1.0,1.0
2024-05-13,10,0.456,0.0,0.19,0.354,1.0,0.0,1.0,1.0
2024-05-13,11,0.331,0.0,0.197,0.472,2.0,0.0,2.0,1.0
2024-05-13,12,0.433,0.0,0.528,0.039,1.0,0.0,2.0,1.0
2024-05-13,13,0.275,0.039,0.416,0.269,1.0,1.0,2.0,2.0
2024-05-13,14,0.079,0.0,0.354,0.567,1.0,0.0,1.0,2.0
2024-05-13,15,0.42,0.0,0.472,0.108,1.0,0.0,1.0,1.0
2024-05-13,16,1.0,0.0,0.0,0.0,1.0,0.0,0.0,0.0
2024-05-13,17,1.0,0.0,0.0,0.0,1.0,0.0,0.0,0.0
2024-05-13,18,0.374,0.0,0.197,0.43,1.0,0.0,1.0,1.0
2024-05-13,19,0.0,0.0,0.511,0.489,0.0,0.0,1.0,2.0
2024-05-13,20,0.0,0.0,0.59,0.41,0.0,0.0,1.0,2.0
2024-05-13,21,0.0,0.0,0.59,0.41,0.0,0.0,1.0,2.0
2024-05-13,22,0.393,0.0,0.259,0.348,2.0,0.0,3.0,1.0
2024-05-13,23,0.079,0.0,0.567,0.354,2.0,0.0,2.0,1.0
2024-05-14,0,0.0,0.0,0.292,0.708,0.0,0.0,2.0,1.0
2024-05-14,1,0.0,0.0,0.692,0.308,0.0,0.0,1.0,1.0
2024-05-14,2,0.0,0.0,0.482,0.518,0.0,0.0,1.0,1.0
2024-05-14,3,0.0,0.0,0.738,0.262,0.0,0.0,1.0,1.0
2024-05-14,4,0.157,0.0,0.397,0.446,2.0,0.0,3.0,1.0
2024-05-14,5,0.0,0.0,0.666,0.334,0.0,0.0,1.0,1.0
2024-05-14,6,0.508,0.0,0.315,0.177,1.0,0.0,1.0,1.0
2024-05-14,7,1.0,0.0,0.0,0.0,1.0,0.0,0.0,0.0
2024-05-14,8,0.734,0.0,0.079,0.187,2.0,0.0,1.0,1.0
2024-05-14,9,0.675,0.0,0.0,0.325,1.0,0.0,0.0,1.0
2024-05-14,10,0.41,0.511,0.079,0.0,3.0,3.0,1.0,0.0
2024-05-14,11,0.961,0.0,0.039,0.0,2.0,0.0,1.0,0.0
2024-05-14,12,1.0,0.0,0.0,0.0,1.0,0.0,0.0,0.0
2024-05-14,13,0.725,0.039,0.079,0.157,3.0,1.0,1.0,1.0
2024-05-14,14,0.007,0.157,0.236,0.6,1.0,1.0,2.0,2.0
2024-05-14,15,0.42,0.0,0.511,0.069,1.0,0.0,1.0,1.0
2024-05-14,16,1.0,0.0,0.0,0.0,1.0,0.0,0.0,0.0
2024-05-14,17,1.0,0.0,0.0,0.0,1.0,0.0,0.0,0.0
2024-05-14,18,0.57,0.118,0.0,0.311,2.0,2.0,0.0,1.0
2024-05-14,19,0.0,0.0,0.485,0.515,0.0,0.0,1.0,1.0
2024-05-14,20,0.0,0.0,0.528,0.472,0.0,0.0,2.0,1.0
2024-05-14,21,0.0,0.0,0.252,0.748,0.0,0.0,2.0,1.0
2024-05-14,22,0.511,0.0,0.489,0.0,1.0,0.0,2.0,0.0
2024-05-14,23,0.0,0.0,0.528,0.472,0.0,0.0,3.0,1.0
2024-05-15,0,0.134,0.0,0.315,0.551,1.0,0.0,1.0,1.0
2024-05-15,1,0.102,0.0,0.472,0.426,1.0,0.0,1.0,1.0
2024-05-15,2,0.0,0.0,0.718,0.282,0.0,0.0,1.0,1.0
2024-05-15,3,0.0,0.0,0.331,0.669,0.0,0.0,2.0,1.0
2024-05-15,4,0.118,0.0,0.882,0.0,1.0,0.0,2.0,0.0
2024-05-15,5,0.0,0.0,0.449,0.551,0.0,0.0,3.0,2.0
2024-05-15,6,0.705,0.0,0.295,0.0,1.0,0.0,1.0,0.0
2024-05-15,7,0.79,0.039,0.079,0.092,2.0,1.0,1.0,1.0
2024-05-15,8,0.266,0.0,0.0,0.734,1.0,0.0,0.0,1.0
2024-05-15,9,0.679,0.039,0.275,0.007,3.0,1.0,2.0,1.0
2024-05-15,10,0.0,0.0,0.534,0.466,0.0,0.0,2.0,2.0
2024-05-15,11,0.826,0.0,0.174,0.0,2.0,0.0,2.0,0.0
2024-05-15,12,0.528,0.0,0.275,0.197,4.0,0.0,3.0,1.0
2024-05-15,13,0.495,0.0,0.472,0.033,2.0,0.0,2.0,1.0
2024-05-15,14,0.039,0.0,0.669,0.292,1.0,0.0,3.0,3.0
2024-05-15,15,0.144,0.0,0.511,0.344,1.0,0.0,1.0,2.0
2024-05-15,16,1.0,0.0,0.0,0.0,1.0,0.0,0.0,0.0
2024-05-15,17,1.0,0.0,0.0,0.0,1.0,0.0,0.0,0.0
2024-05-15,18,0.452,0.315,0.079,0.154,1.0,2.0,1.0,1.0
2024-05-15,19,0.118,0.0,0.275,0.607,1.0,0.0,2.0,2.0
2024-05-15,20,0.0,0.0,0.344,0.656,0.0,0.0,1.0,1.0
2024-05-15,21,0.243,0.0,0.364,0.393,1.0,0.0,1.0,1.0
2024-05-15,22,0.348,0.0,0.118,0.534,1.0,0.0,1.0,1.0
2024-05-15,23,0.0,0.0,0.472,0.528,0.0,0.0,2.0,1.0
2024-05-16,0,0.0,0.0,0.551,0.449,0.0,0.0,1.0,1.0
2024-05-16,1,0.079,0.0,0.741,0.18,1.0,0.0,2.0,1.0
2024-05-16,2,0.0,0.0,0.636,0.364,0.0,0.0,1.0,1.0
2024-05-16,3,0.0,0.0,0.774,0.226,0.0,0.0,1.0,1.0
2024-05-16,4,0.157,0.0,0.567,0.275,2.0,0.0,3.0,1.0
2024-05-16,5,0.0,0.0,0.587,0.413,0.0,0.0,1.0,1.0
2024-05-16,6,0.587,0.0,0.315,0.098,1.0,0.0,1.0,1.0
2024-05-16,7,0.711,0.0,0.079,0.21,1.0,0.0,1.0,1.0
2024-05-16,8,0.698,0.039,0.0,0.262,2.0,1.0,0.0,1.0
2024-05-16,9,0.489,0.0,0.511,0.0,2.0,0.0,1.0,0.0
2024-05-16,10,0.741,0.0,0.259,0.0,2.0,0.0,2.0,0.0
2024-05-16,11,0.0,0.0,0.449,0.551,0.0,0.0,2.0,1.0
2024-05-16,12,0.882,0.0,0.118,0.0,1.0,0.0,1.0,0.0
2024-05-16,13,0.534,0.0,0.466,0.0,2.0,0.0,2.0,0.0
2024-05-16,14,0.0,0.0,0.439,0.561,0.0,0.0,2.0,2.0
2024-05-16,15,0.616,0.0,0.118,0.266,1.0,0.0,1.0,1.0
2024-05-16,16,1.0,0.0,0.0,0.0,1.0,0.0,0.0,0.0
2024-05-16,17,0.921,0.079,0.0,0.0,2.0,1.0,0.0,0.0
2024-05-16,18,0.256,0.039,0.157,0.548,1.0,1.0,2.0,1.0
2024-05-16,19,0.0,0.0,0.603,0.397,0.0,0.0,1.0,1.0
2024-05-16,20,0.236,0.0,0.341,0.423,1.0,0.0,2.0,2.0
2024-05-16,21,0.0,0.0,0.007,0.993,0.0,0.0,1.0,1.0
2024-05-16,22,0.118,0.0,0.882,0.0,1.0,0.0,2.0,0.0
2024-05-16,23,0.0,0.0,0.489,0.511,0.0,0.0,3.0,1.0
2024-05-17,0,0.0,0.0,0.944,0.056,0.0,0.0,1.0,1.0
2024-05-17,1,0.472,0.0,0.111,0.416,1.0,0.0,1.0,1.0
2024-05-17,2,0.0,0.0,0.282,0.718,0.0,0.0,1.0,1.0
2024-05-17,3,0.0,0.0,0.97,0.03,0.0,0.0,1.0,1.0
2024-05-17,4,0.079,0.039,0.41,0.472,1.0,1.0,3.0,1.0
2024-05-17,5,0.0,0.0,1.0,0.0,0.0,0.0,1.0,0.0
2024-05-17,6,0.075,0.0,0.531,0.393,1.0,0.0,2.0,1.0
2024-05-17,7,1.0,0.0,0.0,0.0,1.0,0.0,0.0,0.0
2024-05-17,8,0.734,0.0,0.226,0.039,1.0,0.0,2.0,1.0
2024-05-17,9,0.479,0.0,0.207,0.315,2.0,0.0,2.0,1.0
2024-05-17,10,0.859,0.0,0.118,0.023,1.0,0.0,1.0,1.0
2024-05-17,11,0.0,0.0,0.354,0.646,0.0,0.0,1.0,1.0
2024-05-17,12,0.41,0.0,0.59,0.0,1.0,0.0,1.0,0.0
2024-05-17,13,0.731,0.0,0.0,0.269,2.0,0.0,0.0,1.0
2024-05-17,14,0.236,0.0,0.315,0.449,1.0,0.0,1.0,2.0
2024-05-17,15,0.315,0.354,0.223,0.108,2.0,2.0,4.0,2.0
2024-05-17,16,0.0,0.0,0.567,0.433,0.0,0.0,2.0,1.0
2024-05-17,17,0.649,0.0,0.351,0.0,2.0,0.0,2.0,0.0
2024-05-17,18,0.725,0.275,0.0,0.0,3.0,2.0,0.0,0.0
2024-05-17,19,0.318,0.0,0.236,0.446,3.0,0.0,3.0,2.0
2024-05-17,20,0.0,0.0,0.344,0.656,0.0,0.0,1.0,1.0
2024-05-17,21,0.243,0.0,0.364,0.393,1.0,0.0,2.0,1.0
2024-05-17,22,1.0,0.0,0.0,0.0,1.0,0.0,0.0,0.0
2024-05-17,23,0.37,0.0,0.0,0.63,2.0,0.0,1.0,2.0
2024-05-18,0,0.0,0.0,0.685,0.315,0.0,0.0,1.0,1.0
2024-05-18,1,0.0,0.0,0.331,0.669,0.0,0.0,2.0,1.0
2024-05-18,2,0.039,0.0,0.597,0.364,1.0,0.0,2.0,1.0
2024-05-18,3,0.0,0.0,0.577,0.423,0.0,0.0,1.0,1.0
2024-05-18,4,0.0,0.0,0.252,0.748,0.0,0.0,2.0,1.0
2024-05-18,5,0.118,0.0,0.882,0.0,1.0,0.0,2.0,0.0
2024-05-18,6,0.0,0.0,0.57,0.43,0.0,0.0,1.0,1.0
2024-05-18,7,0.879,0.0,0.118,0.003,1.0,0.0,1.0,1.0
2024-05-18,8,1.0,0.0,0.0,0.0,1.0,0.0,0.0,0.0
2024-05-18,9,0.285,0.0,0.039,0.675,1.0,0.0,1.0,1.0
2024-05-18,10,0.0,0.0,0.692,0.308,0.0,0.0,1.0,1.0
2024-05-18,11,0.944,0.0,0.056,0.0,1.0,0.0,1.0,0.0
2024-05-18,12,0.669,0.039,0.079,0.213,2.0,1.0,1.0,1.0
2024-05-18,13,0.466,0.0,0.275,0.259,1.0,0.0,1.0,1.0
2024-05-18,14,0.007,0.0,0.443,0.551,1.0,0.0,2.0,1.0
2024-05-18,15,0.144,0.0,0.58,0.275,1.0,0.0,1.0,1.0
2024-05-18,16,0.961,0.039,0.0,0.0,2.0,1.0,0.0,0.0
2024-05-18,17,0.961,0.039,0.0,0.0,2.0,1.0,0.0,0.0
2024-05-18,18,0.374,0.0,0.079,0.548,1.0,0.0,1.0,1.0
2024-05-18,19,0.0,0.0,0.407,0.593,0.0,0.0,1.0,1.0
2024-05-18,20,0.0,0.0,0.489,0.511,0.0,0.0,2.0,1.0
2024-05-18,21,0.0,0.0,0.561,0.439,0.0,0.0,1.0,1.0
2024-05-18,22,0.433,0.0,0.298,0.269,1.0,0.0,2.0,1.0
2024-05-18,23,0.0,0.0,0.331,0.669,0.0,0.0,2.0,2.0
2024-05-19,0,0.0,0.0,0.826,0.174,0.0,0.0,1.0,1.0
2024-05-19,1,0.0,0.0,0.544,0.456,0.0,0.0,1.0,1.0
2024-05-19,2,0.0,0.0,1.0,0.0,0.0,0.0,1.0,0.0
2024-05-19,3,0.0,0.0,0.37,0.63,0.0,0.0,2.0,1.0
2024-05-19,4,0.0,0.0,1.0,0.0,0.0,0.0,1.0,0.0
2024-05-19,5,0.157,0.0,0.567,0.275,1.0,0.0,2.0,1.0
2024-05-19,6,0.0,0.0,0.413,0.587,0.0,0.0,1.0,1.0
2024-05-19,7,0.839,0.0,0.157,0.003,1.0,0.0,1.0,1.0
2024-05-19,8,0.764,0.236,0.0,0.0,2.0,1.0,0.0,0.0
2024-05-19,9,0.725,0.275,0.0,0.0,4.0,3.0,0.0,0.0
2024-05-19,10,0.505,0.0,0.039,0.456,1.0,0.0,1.0,1.0
2024-05-19,11,0.0,0.0,0.669,0.331,0.0,0.0,1.0,2.0
2024-05-19,12,0.961,0.0,0.0,0.039,1.0,0.0,0.0,1.0
2024-05-19,13,0.416,0.0,0.269,0.315,2.0,0.0,2.0,1.0
2024-05-19,14,0.0,0.0,0.675,0.325,0.0,0.0,2.0,2.0
2024-05-19,15,0.262,0.0,0.354,0.384,1.0,0.0,1.0,1.0
2024-05-19,16,1.0,0.0,0.0,0.0,1.0,0.0,0.0,0.0
2024-05-19,17,1.0,0.0,0.0,0.0,1.0,0.0,0.0,0.0
2024-05-19,18,0.728,0.0,0.118,0.154,3.0,0.0,3.0,1.0
2024-05-19,19,0.236,0.0,0.157,0.607,1.0,0.0,1.0,2.0
2024-05-19,20,0.0,0.0,0.384,0.616,0.0,0.0,1.0,1.0
2024-05-19,21,0.0,0.0,0.292,0.708,0.0,0.0,2.0,1.0
2024-05-19,22,0.692,0.0,0.308,0.0,1.0,0.0,1.0,0.0
2024-05-19,23,0.528,0.0,0.039,0.433,1.0,0.0,2.0,1.0
2024-05-21,0,0.0,0.0,0.708,0.292,0.0,0.0,1.0,2.0
2024-05-21,1,0.0,0.0,0.348,0.652,0.0,0.0,1.0,1.0
2024-05-21,2,0.0,0.0,0.439,0.561,0.0,0.0,1.0,1.0
2024-05-21,3,0.0,0.0,0.734,0.266,0.0,0.0,1.0,1.0
2024-05-21,4,0.197,0.0,0.803,0.0,1.0,0.0,2.0,0.0
2024-05-21,5,0.0,0.0,0.764,0.236,0.0,0.0,2.0,1.0
2024-05-21,6,0.548,0.0,0.138,0.315,1.0,0.0,1.0,1.0
2024-05-21,7,0.961,0.039,0.0,0.0,2.0,1.0,0.0,0.0
2024-05-21,8,0.813,0.0,0.039,0.148,2.0,0.0,1.0,1.0
2024-05-21,9,0.0,0.0,0.125,0.875,0.0,0.0,1.0,1.0
2024-05-21,10,0.652,0.0,0.348,0.0,1.0,0.0,1.0,0.0
2024-05-21,11,0.921,0.079,0.0,0.0,2.0,1.0,0.0,0.0
2024-05-21,12,0.315,0.0,0.0,0.685,1.0,0.0,0.0,1.0
2024-05-21,13,0.78,0.0,0.0,0.22,1.0,0.0,0.0,1.0
2024-05-21,14,0.085,0.079,0.551,0.285,1.0,1.0,1.0,1.0
2024-05-21,15,0.354,0.066,0.275,0.305,2.0,1.0,2.0,1.0
2024-05-21,16,0.869,0.131,0.0,0.0,1.0,1.0,0.0,0.0
2024-05-21,17,1.0,0.0,0.0,0.0,1.0,0.0,0.0,0.0
2024-05-21,18,0.61,0.039,0.118,0.233,1.0,1.0,1.0,1.0
2024-05-21,19,0.0,0.0,0.472,0.528,0.0,0.0,1.0,2.0
2024-05-21,20,0.0,0.0,0.226,0.774,0.0,0.0,1.0,1.0
2024-05-21,21,0.0,0.0,0.639,0.361,0.0,0.0,1.0,1.0
2024-05-21,22,0.416,0.0,0.354,0.23,2.0,0.0,1.0,2.0
2024-05-21,23,0.174,0.0,0.433,0.393,2.0,0.0,2.0,3.0
2024-05-22,0,0.213,0.0,0.118,0.669,1.0,0.0,1.0,1.0
2024-05-22,1,0.574,0.0,0.197,0.23,2.0,0.0,2.0,1.0
2024-05-22,2,0.0,0.0,0.757,0.243,0.0,0.0,1.0,1.0
2024-05-22,3,0.0,0.0,0.37,0.63,0.0,0.0,2.0,1.0
2024-05-22,4,0.275,0.0,0.721,0.003,1.0,0.0,2.0,1.0
2024-05-22,5,0.0,0.0,0.374,0.626,0.0,0.0,1.0,1.0
2024-05-22,6,0.43,0.0,0.57,0.0,1.0,0.0,1.0,0.0
2024-05-22,7,0.921,0.079,0.0,0.0,3.0,2.0,0.0,0.0
2024-05-22,8,0.459,0.0,0.118,0.423,1.0,0.0,1.0,1.0
2024-05-22,9,0.0,0.0,0.518,0.482,0.0,0.0,1.0,1.0
2024-05-22,10,0.456,0.0,0.269,0.275,1.0,0.0,1.0,1.0
2024-05-22,11,1.0,0.0,0.0,0.0,1.0,0.0,0.0,0.0
2024-05-22,12,0.433,0.0,0.197,0.37,2.0,0.0,2.0,1.0
2024-05-22,13,0.0,0.0,0.505,0.495,0.0,0.0,1.0,1.0
2024-05-22,14,0.354,0.0,0.321,0.325,2.0,0.0,3.0,1.0
2024-05-22,15,0.0,0.0,0.616,0.384,0.0,0.0,1.0,1.0
2024-05-22,16,0.633,0.0,0.367,0.0,1.0,0.0,1.0,0.0
2024-05-22,17,0.921,0.079,0.0,0.0,2.0,1.0,0.0,0.0
2024-05-22,18,0.882,0.039,0.079,0.0,4.0,1.0,2.0,0.0
2024-05-22,19,0.082,0.0,0.131,0.787,1.0,0.0,1.0,1.0
2024-05-22,20,0.0,0.0,0.695,0.305,0.0,0.0,1.0,1.0
2024-05-22,21,0.708,0.0,0.118,0.174,1.0,0.0,1.0,2.0
2024-05-22,22,0.298,0.0,0.039,0.662,1.0,0.0,1.0,1.0
2024-05-22,23,0.567,0.0,0.039,0.393,1.0,0.0,1.0,2.0
2024-05-23,0,0.0,0.0,0.646,0.354,0.0,0.0,2.0,1.0
2024-05-23,1,0.0,0.0,0.338,0.662,0.0,0.0,1.0,1.0
2024-05-23,2,0.0,0.0,0.757,0.243,0.0,0.0,1.0,1.0
2024-05-23,3,0.0,0.0,0.41,0.59,0.0,0.0,2.0,1.0
2024-05-23,4,0.197,0.039,0.764,0.0,2.0,1.0,3.0,0.0
2024-05-23,5,0.0,0.0,0.862,0.138,0.0,0.0,2.0,1.0
2024-05-23,6,0.551,0.036,0.0,0.413,1.0,1.0,0.0,1.0
2024-05-23,7,0.354,0.646,0.0,0.0,4.0,5.0,0.0,0.0
2024-05-23,8,0.934,0.066,0.0,0.0,1.0,1.0,0.0,0.0
2024-05-23,9,0.128,0.079,0.282,0.511,2.0,1.0,2.0,1.0
2024-05-23,10,0.141,0.0,0.544,0.315,1.0,0.0,1.0,1.0
2024-05-23,11,0.725,0.0,0.157,0.118,2.0,0.0,2.0,1.0
2024-05-23,12,0.0,0.0,0.056,0.944,0.0,0.0,2.0,1.0
2024-05-23,13,0.308,0.0,0.692,0.0,1.0,0.0,1.0,0.0
2024-05-23,14,0.675,0.0,0.325,0.0,2.0,0.0,2.0,0.0
2024-05-23,15,0.0,0.0,0.37,0.63,0.0,0.0,2.0,1.0
2024-05-23,16,0.593,0.039,0.367,0.0,2.0,1.0,1.0,0.0
2024-05-23,17,0.882,0.118,0.0,0.0,3.0,2.0,0.0,0.0
2024-05-23,18,0.807,0.039,0.079,0.075,2.0,1.0,1.0,1.0
2024-05-23,19,0.0,0.0,0.367,0.633,0.0,0.0,1.0,1.0
2024-05-23,20,0.0,0.0,0.292,0.708,0.0,0.0,2.0,1.0
2024-05-23,21,0.007,0.0,0.6,0.393,1.0,0.0,1.0,1.0
2024-05-23,22,0.466,0.0,0.315,0.22,2.0,0.0,2.0,1.0
2024-05-23,23,0.551,0.0,0.118,0.331,3.0,0.0,3.0,2.0
2024-05-24,0,0.039,0.039,0.292,0.63,1.0,1.0,3.0,1.0
2024-05-24,1,0.0,0.0,0.495,0.505,0.0,0.0,1.0,1.0
2024-05-24,2,0.0,0.0,0.708,0.292,0.0,0.0,1.0,2.0
2024-05-24,3,0.0,0.0,0.538,0.462,0.0,0.0,1.0,1.0
2024-05-24,4,0.2,0.0,0.485,0.315,2.0,0.0,2.0,1.0
2024-05-24,5,0.193,0.0,0.472,0.334,1.0,0.0,2.0,1.0
2024-05-24,6,0.0,0.0,0.469,0.531,0.0,0.0,1.0,1.0
2024-05-24,7,0.682,0.039,0.279,0.0,2.0,1.0,1.0,0.0
2024-05-24,8,0.616,0.197,0.157,0.03,2.0,1.0,1.0,1.0
2024-05-24,9,0.551,0.0,0.164,0.285,1.0,0.0,1.0,1.0
2024-05-24,10,0.0,0.0,0.37,0.63,0.0,0.0,4.0,3.0
2024-05-24,11,0.0,0.0,0.843,0.157,0.0,0.0,1.0,1.0
2024-05-24,12,0.134,0.0,0.472,0.393,1.0,0.0,1.0,1.0
2024-05-24,13,0.77,0.079,0.151,0.0,2.0,1.0,1.0,0.0
2024-05-24,14,0.197,0.0,0.37,0.433,2.0,0.0,3.0,1.0
2024-05-24,15,0.079,0.0,0.489,0.433,1.0,0.0,3.0,1.0
2024-05-24,16,0.711,0.0,0.289,0.0,1.0,0.0,1.0,0.0
2024-05-24,17,1.0,0.0,0.0,0.0,1.0,0.0,0.0,0.0
2024-05-24,18,1.0,0.0,0.0,0.0,1.0,0.0,0.0,0.0
2024-05-24,19,0.082,0.0,0.603,0.315,2.0,0.0,3.0,2.0
2024-05-24,20,0.502,0.0,0.262,0.236,2.0,0.0,2.0,1.0
2024-05-24,21,0.521,0.0,0.236,0.243,1.0,0.0,1.0,1.0
2024-05-24,22,0.0,0.0,0.511,0.489,0.0,0.0,1.0,2.0
2024-05-24,23,0.669,0.0,0.0,0.331,1.0,0.0,1.0,1.0
2024-05-25,0,0.197,0.0,0.174,0.63,2.0,0.0,2.0,1.0
2024-05-25,1,0.0,0.0,0.495,0.505,0.0,0.0,1.0,1.0
2024-05-25,2,0.0,0.0,0.59,0.41,0.0,0.0,1.0,2.0
2024-05-25,3,0.0,0.0,0.302,0.698,0.0,0.0,1.0,1.0
2024-05-25,4,0.0,0.0,0.643,0.357,0.0,0.0,1.0,1.0
2024-05-25,5,0.0,0.039,0.885,0.075,0.0,1.0,2.0,1.0
2024-05-25,6,0.233,0.0,0.452,0.315,2.0,0.0,3.0,2.0
2024-05-25,7,0.921,0.079,0.0,0.0,2.0,1.0,0.0,0.0
2024-05-25,8,0.961,0.039,0.0,0.0,2.0,1.0,0.0,0.0
2024-05-25,9,0.285,0.0,0.157,0.557,1.0,0.0,1.0,1.0
2024-05-25,10,0.692,0.0,0.197,0.111,1.0,0.0,1.0,1.0
2024-05-25,11,0.41,0.0,0.197,0.393,1.0,0.0,1.0,1.0
2024-05-25,12,0.315,0.0,0.393,0.292,2.0,0.0,2.0,2.0
2024-05-25,13,0.157,0.0,0.584,0.259,1.0,0.0,1.0,1.0
2024-05-25,14,0.0,0.0,0.292,0.708,0.0,0.0,2.0,1.0
2024-05-25,15,0.511,0.105,0.384,0.0,2.0,2.0,1.0,0.0
2024-05-25,16,0.869,0.131,0.0,0.0,2.0,2.0,0.0,0.0
2024-05-25,17,1.0,0.0,0.0,0.0,1.0,0.0,0.0,0.0
2024-05-25,18,0.846,0.0,0.0,0.154,1.0,0.0,0.0,1.0
2024-05-25,19,0.0,0.0,0.289,0.711,0.0,0.0,1.0,1.0
2024-05-25,20,0.0,0.0,0.292,0.708,0.0,0.0,2.0,1.0
2024-05-25,21,0.0,0.0,0.836,0.164,0.0,0.0,1.0,1.0
2024-05-25,22,0.275,0.0,0.338,0.387,1.0,0.0,1.0,1.0
2024-05-25,23,0.0,0.0,0.095,0.905,1.0,0.0,1.0,1.0
2024-05-26,0,0.0,0.0,0.882,0.118,0.0,0.0,1.0,1.0
2024-05-26,1,0.111,0.0,0.416,0.472,1.0,0.0,2.0,2.0
2024-05-26,2,0.046,0.0,0.866,0.089,1.0,0.0,1.0,1.0
2024-05-26,3,0.0,0.0,0.656,0.344,0.0,0.0,1.0,1.0
2024-05-26,4,0.118,0.0,0.843,0.039,1.0,0.0,2.0,1.0
2024-05-26,5,0.0,0.0,0.607,0.393,0.0,0.0,2.0,1.0
2024-05-26,6,0.43,0.0,0.57,0.0,1.0,0.0,1.0,0.0
2024-05-26,7,1.0,0.0,0.0,0.0,2.0,0.0,0.0,0.0
2024-05-26,8,1.0,0.0,0.0,0.0,1.0,0.0,0.0,0.0
2024-05-26,9,0.089,0.0,0.479,0.433,1.0,0.0,2.0,1.0
2024-05-26,10,0.315,0.0,0.269,0.416,1.0,0.0,3.0,2.0
2024-05-26,11,0.118,0.0,0.748,0.134,1.0,0.0,2.0,1.0
2024-05-26,12,0.252,0.0,0.275,0.472,1.0,0.0,1.0,1.0
2024-05-26,13,0.489,0.0,0.511,0.0,2.0,0.0,1.0,0.0
2024-05-26,14,0.164,0.039,0.669,0.128,2.0,1.0,2.0,1.0
2024-05-26,15,0.184,0.0,0.236,0.58,1.0,0.0,1.0,1.0
2024-05-26,16,1.0,0.0,0.0,0.0,1.0,0.0,0.0,0.0
2024-05-26,17,1.0,0.0,0.0,0.0,1.0,0.0,0.0,0.0
2024-05-26,18,0.334,0.0,0.272,0.393,4.0,0.0,3.0,1.0
2024-05-26,19,0.0,0.0,0.41,0.59,0.0,0.0,2.0,1.0
2024-05-26,20,0.0,0.0,0.498,0.502,0.0,0.0,1.0,1.0
2024-05-26,21,0.0,0.0,0.59,0.41,0.0,0.0,1.0,2.0
2024-05-26,22,0.0,0.0,0.495,0.505,0.0,0.0,1.0,1.0
2024-05-26,23,0.0,0.0,0.607,0.393,0.0,0.0,1.0,2.0
2024-05-27,0,0.669,0.0,0.134,0.197,1.0,0.0,1.0,1.0
2024-05-27,1,0.0,0.0,0.567,0.433,0.0,0.0,2.0,1.0
2024-05-27,2,0.0,0.0,0.489,0.511,0.0,0.0,2.0,1.0
2024-05-27,3,0.0,0.0,0.541,0.459,0.0,0.0,1.0,1.0
2024-05-27,4,0.157,0.0,0.751,0.092,1.0,0.0,2.0,1.0
2024-05-27,5,0.0,0.0,0.331,0.669,0.0,0.0,2.0,1.0
2024-05-27,6,0.862,0.0,0.138,0.0,1.0,0.0,1.0,0.0
2024-05-27,7,1.0,0.0,0.0,0.0,1.0,0.0,0.0,0.0
2024-05-27,8,0.459,0.0,0.118,0.423,2.0,0.0,2.0,1.0
2024-05-27,9,0.321,0.0,0.59,0.089,2.0,0.0,1.0,1.0
2024-05-27,10,0.741,0.0,0.0,0.259,1.0,0.0,0.0,1.0
2024-05-27,11,0.0,0.0,0.197,0.803,0.0,0.0,1.0,1.0
2024-05-27,12,0.803,0.0,0.197,0.0,1.0,0.0,1.0,0.0
2024-05-27,13,0.331,0.0,0.157,0.511,2.0,0.0,2.0,1.0
2024-05-27,14,0.961,0.0,0.039,0.0,2.0,0.0,1.0,0.0
2024-05-27,15,0.305,0.0,0.302,0.393,2.0,0.0,3.0,1.0
2024-05-27,16,0.0,0.0,0.764,0.236,0.0,0.0,2.0,1.0
2024-05-27,17,0.531,0.0,0.469,0.0,1.0,0.0,1.0,0.0
2024-05-27,18,0.961,0.039,0.0,0.0,2.0,1.0,0.0,0.0
2024-05-27,19,0.397,0.0,0.039,0.564,1.0,0.0,1.0,1.0
2024-05-27,20,0.0,0.0,0.708,0.292,0.0,0.0,1.0,2.0
2024-05-27,21,0.282,0.0,0.079,0.639,2.0,0.0,1.0,1.0
2024-05-27,22,0.033,0.0,0.338,0.63,1.0,0.0,2.0,1.0
2024-05-27,23,0.826,0.0,0.174,0.0,1.0,0.0,2.0,1.0
2024-05-28,0,0.0,0.0,0.489,0.511,0.0,0.0,2.0,1.0
2024-05-28,1,0.0,0.0,0.18,0.82,0.0,0.0,1.0,1.0
2024-05-28,2,0.0,0.0,0.748,0.252,0.0,0.0,1.0,2.0
2024-05-28,3,0.0,0.0,0.577,0.423,0.0,0.0,1.0,1.0
2024-05-28,4,0.0,0.0,0.449,0.551,0.0,0.0,2.0,1.0
2024-05-28,5,0.118,0.0,0.784,0.098,1.0,0.0,2.0,1.0
2024-05-28,6,0.193,0.0,0.511,0.295,2.0,0.0,1.0,1.0
2024-05-28,7,0.764,0.236,0.0,0.0,5.0,4.0,0.0,0.0
2024-05-28,8,0.774,0.226,0.0,0.0,3.0,3.0,0.0,0.0
2024-05-28,9,0.511,0.01,0.118,0.361,1.0,1.0,1.0,1.0
2024-05-28,10,0.731,0.0,0.0,0.269,1.0,0.0,0.0,1.0
2024-05-28,11,0.41,0.079,0.236,0.275,2.0,1.0,2.0,1.0
2024-05-28,12,0.0,0.0,0.41,0.59,0.0,0.0,2.0,2.0
2024-05-28,13,0.898,0.0,0.102,0.0,1.0,0.0,1.0,0.0
2024-05-28,14,0.518,0.039,0.364,0.079,2.0,1.0,2.0,1.0
2024-05-28,15,0.026,0.0,0.423,0.551,1.0,0.0,2.0,1.0
2024-05-28,16,1.0,0.0,0.0,0.0,1.0,0.0,0.0,0.0
2024-05-28,17,0.98,0.0,0.02,0.0,1.0,0.0,1.0,0.0
2024-05-28,18,0.079,0.0,0.567,0.354,1.0,0.0,3.0,1.0
2024-05-28,19,0.0,0.0,0.607,0.393,0.0,0.0,3.0,2.0
2024-05-28,20,0.0,0.0,0.184,0.816,0.0,0.0,1.0,1.0
2024-05-28,21,0.0,0.0,0.708,0.292,0.0,0.0,1.0,2.0
2024-05-28,22,0.0,0.0,0.511,0.489,0.0,0.0,1.0,2.0
2024-05-28,23,0.0,0.0,0.905,0.095,0.0,0.0,2.0,1.0
2024-05-30,0,0.134,0.0,0.0,0.866,1.0,0.0,0.0,1.0
2024-05-30,1,0.22,0.0,0.315,0.466,1.0,0.0,1.0,1.0
2024-05-30,2,0.0,0.0,0.364,0.636,0.0,0.0,1.0,1.0
2024-05-30,3,0.0,0.0,0.659,0.341,0.0,0.0,1.0,1.0
2024-05-30,4,0.118,0.0,0.593,0.289,1.0,0.0,2.0,1.0
2024-05-30,5,0.0,0.0,0.587,0.413,0.0,0.0,1.0,1.0
2024-05-30,6,0.705,0.0,0.0,0.295,1.0,0.0,0.0,1.0
2024-05-30,7,0.003,0.0,0.564,0.433,1.0,0.0,2.0,1.0
2024-05-30,8,0.541,0.0,0.459,0.0,1.0,0.0,1.0,0.0
2024-05-30,9,0.803,0.197,0.0,0.0,3.0,2.0,0.0,0.0
2024-05-30,10,0.741,0.118,0.118,0.023,5.0,2.0,3.0,1.0
2024-05-30,11,0.0,0.0,0.59,0.41,1.0,0.0,1.0,1.0
2024-05-30,12,1.0,0.0,0.0,0.0,1.0,0.0,0.0,0.0
2024-05-30,13,0.338,0.0,0.308,0.354,2.0,0.0,2.0,1.0
2024-05-30,14,0.0,0.0,0.557,0.443,0.0,0.0,2.0,2.0
2024-05-30,15,0.734,0.0,0.079,0.187,1.0,0.0,1.0,1.0
2024-05-30,16,1.0,0.0,0.0,0.0,1.0,0.0,0.0,0.0
2024-05-30,17,0.961,0.039,0.0,0.0,2.0,1.0,0.0,0.0
2024-05-30,18,0.295,0.0,0.233,0.472,1.0,0.0,2.0,1.0
2024-05-30,19,0.0,0.0,0.397,0.603,0.0,0.0,1.0,1.0
2024-05-30,20,0.0,0.0,0.59,0.41,0.0,0.0,1.0,2.0
2024-05-30,21,0.0,0.0,0.243,0.757,0.0,0.0,1.0,1.0
2024-05-30,22,0.0,0.0,0.662,0.338,0.0,0.0,1.0,1.0
2024-05-30,23,0.708,0.0,0.157,0.134,2.0,0.0,1.0,2.0
2024-05-31,0,0.433,0.0,0.079,0.489,1.0,0.0,1.0,1.0
2024-05-31,1,0.0,0.0,0.787,0.213,0.0,0.0,1.0,2.0
2024-05-31,2,0.0,0.0,0.403,0.597,0.0,0.0,1.0,1.0
2024-05-31,3,0.0,0.0,0.384,0.616,0.0,0.0,1.0,1.0
2024-05-31,4,0.079,0.0,0.672,0.249,1.0,0.0,2.0,1.0
2024-05-31,5,0.0,0.0,0.882,0.118,0.0,0.0,2.0,1.0
2024-05-31,6,0.351,0.0,0.452,0.197,1.0,0.0,1.0,1.0
2024-05-31,7,1.0,0.0,0.0,0.0,1.0,0.0,0.0,0.0
2024-05-31,8,0.066,0.0,0.344,0.59,1.0,0.0,2.0,1.0
2024-05-31,9,0.0,0.0,1.0,0.0,0.0,0.0,1.0,0.0
2024-05-31,10,0.849,0.039,0.111,0.0,2.0,1.0,1.0,0.0
2024-05-31,11,0.37,0.0,0.118,0.511,2.0,0.0,2.0,1.0
2024-05-31,12,0.905,0.0,0.095,0.0,1.0,0.0,1.0,0.0
2024-05-31,13,0.0,0.0,0.449,0.551,0.0,0.0,2.0,1.0
2024-05-31,14,0.157,0.079,0.597,0.167,1.0,1.0,2.0,1.0
2024-05-31,15,0.184,0.0,0.433,0.384,1.0,0.0,1.0,1.0
2024-05-31,16,0.961,0.039,0.0,0.0,2.0,1.0,0.0,0.0
2024-05-31,17,1.0,0.0,0.0,0.0,1.0,0.0,0.0,0.0
2024-05-31,18,0.177,0.0,0.157,0.666,2.0,0.0,3.0,2.0
2024-05-31,19,0.0,0.0,0.603,0.397,0.0,0.0,1.0,1.0
2024-05-31,20,0.0,0.0,0.292,0.708,0.0,0.0,2.0,1.0
2024-05-31,21,0.0,0.0,0.561,0.439,0.0,0.0,1.0,1.0
2024-05-31,22,0.472,0.0,0.141,0.387,1.0,0.0,2.0,1.0
2024-05-31,23,0.157,0.0,0.252,0.59,2.0,0.0,2.0,1.0
2024-06-01,0,0.315,0.0,0.551,0.134,1.0,0.0,2.0,2.0
2024-06-01,1,0.0,0.0,0.59,0.41,0.0,0.0,1.0,2.0
2024-06-01,2,0.0,0.0,0.561,0.439,0.0,0.0,1.0,1.0
2024-06-01,3,0.0,0.0,1.0,0.0,0.0,0.0,1.0,0.0
2024-06-01,4,0.0,0.0,0.331,0.669,0.0,0.0,2.0,1.0
2024-06-01,5,0.315,0.0,0.685,0.0,1.0,0.0,2.0,0.0
2024-06-01,6,0.075,0.0,0.452,0.472,1.0,0.0,2.0,1.0
2024-06-01,7,1.0,0.0,0.0,0.0,1.0,0.0,0.0,0.0
2024-06-01,8,0.961,0.039,0.0,0.0,2.0,1.0,0.0,0.0
2024-06-01,9,0.167,0.0,0.4,0.433,2.0,0.0,3.0,1.0
2024-06-01,10,0.315,0.039,0.646,0.0,2.0,1.0,2.0,0.0
2024-06-01,11,0.118,0.0,0.252,0.63,1.0,0.0,2.0,1.0
2024-06-01,12,0.472,0.0,0.236,0.292,1.0,0.0,1.0,1.0
2024-06-01,13,0.236,0.0,0.544,0.22,1.0,0.0,2.0,1.0
2024-06-01,14,0.0,0.0,0.439,0.561,0.0,0.0,1.0,1.0
2024-06-01,15,0.852,0.0,0.0,0.148,1.0,0.0,0.0,1.0
2024-06-01,16,1.0,0.0,0.0,0.0,1.0,0.0,0.0,0.0
2024-06-01,17,0.843,0.0,0.157,0.0,2.0,0.0,1.0,0.0
2024-06-01,18,0.413,0.0,0.118,0.469,1.0,0.0,1.0,1.0
2024-06-01,19,0.0,0.0,0.721,0.279,0.0,0.0,1.0,1.0
2024-06-01,20,0.0,0.0,0.292,0.708,0.0,0.0,2.0,1.0
2024-06-01,21,0.0,0.0,0.6,0.4,0.0,0.0,1.0,1.0
2024-06-01,22,0.0,0.0,0.574,0.426,0.0,0.0,1.0,1.0
2024-06-01,23,0.393,0.0,0.331,0.275,1.0,0.0,1.0,2.0
2024-06-02,0,0.826,0.0,0.118,0.056,1.0,0.0,1.0,1.0
2024-06-02,1,0.472,0.0,0.151,0.377,1.0,0.0,1.0,1.0
2024-06-02,2,0.0,0.0,0.085,0.915,0.0,0.0,1.0,1.0
2024-06-02,3,0.0,0.0,0.787,0.213,0.0,0.0,1.0,2.0
2024-06-02,4,0.0,0.0,0.554,0.446,0.0,0.0,1.0,1.0
2024-06-02,5,0.079,0.0,0.784,0.138,1.0,0.0,2.0,1.0
2024-06-02,6,0.154,0.0,0.354,0.492,1.0,0.0,1.0,1.0
2024-06-02,7,1.0,0.0,0.0,0.0,1.0,0.0,0.0,0.0
2024-06-02,8,0.734,0.0,0.226,0.039,2.0,0.0,2.0,1.0
2024-06-02,9,0.046,0.0,0.679,0.275,1.0,0.0,2.0,1.0
2024-06-02,10,1.0,0.0,0.0,0.0,1.0,0.0,0.0,0.0
2024-06-02,11,0.567,0.039,0.0,0.393,2.0,1.0,0.0,1.0
2024-06-02,12,0.079,0.0,0.315,0.607,1.0,0.0,1.0,2.0
2024-06-02,13,0.0,0.0,0.551,0.449,0.0,0.0,1.0,2.0
2024-06-02,14,0.197,0.0,0.482,0.321,2.0,0.0,3.0,2.0
2024-06-02,15,0.262,0.0,0.58,0.157,1.0,0.0,1.0,1.0
2024-06-02,16,1.0,0.0,0.0,0.0,2.0,0.0,0.0,0.0
2024-06-02,17,1.0,0.0,0.0,0.0,1.0,0.0,0.0,0.0
2024-06-02,18,0.767,0.118,0.0,0.115,2.0,2.0,0.0,1.0
2024-06-02,19,0.0,0.0,0.21,0.79,0.0,0.0,1.0,1.0
2024-06-02,20,0.0,0.0,0.38,0.62,0.0,0.0,1.0,1.0
2024-06-02,21,0.039,0.0,0.59,0.37,1.0,0.0,2.0,2.0
2024-06-02,22,0.259,0.0,0.039,0.702,1.0,0.0,1.0,1.0
2024-06-02,23,0.685,0.0,0.079,0.236,2.0,0.0,1.0,1.0
2024-06-03,0,0.0,0.0,0.37,0.63,0.0,0.0,1.0,1.0
2024-06-03,1,0.0,0.0,0.495,0.505,0.0,0.0,1.0,1.0
2024-06-03,2,0.0,0.0,0.836,0.164,0.0,0.0,1.0,1.0
2024-06-03,3,0.0,0.0,0.58,0.42,0.0,0.0,1.0,1.0
2024-06-03,4,0.0,0.0,0.711,0.289,0.0,0.0,1.0,1.0
2024-06-03,5,0.079,0.0,0.882,0.039,1.0,0.0,2.0,1.0
2024-06-03,6,0.0,0.0,0.528,0.472,0.0,0.0,2.0,1.0
2024-06-03,7,0.918,0.0,0.082,0.0,2.0,0.0,2.0,0.0
2024-06-03,8,0.961,0.0,0.039,0.0,2.0,0.0,1.0,0.0
2024-06-03,9,0.561,0.079,0.236,0.125,2.0,1.0,1.0,1.0
2024-06-03,10,0.81,0.039,0.079,0.072,2.0,1.0,1.0,1.0
2024-06-03,11,0.37,0.0,0.079,0.551,1.0,0.0,1.0,1.0
2024-06-03,12,0.236,0.0,0.433,0.331,1.0,0.0,2.0,1.0
2024-06-03,13,0.236,0.0,0.348,0.416,2.0,0.0,2.0,1.0
2024-06-03,14,0.0,0.0,0.331,0.669,0.0,0.0,2.0,1.0
2024-06-03,15,0.892,0.0,0.108,0.0,1.0,0.0,1.0,0.0
2024-06-03,16,0.961,0.039,0.0,0.0,3.0,1.0,0.0,0.0
2024-06-03,17,0.961,0.039,0.0,0.0,2.0,1.0,0.0,0.0
2024-06-03,18,0.295,0.193,0.157,0.354,2.0,1.0,2.0,1.0
2024-06-03,19,0.0,0.003,0.118,0.879,0.0,1.0,1.0,1.0
2024-06-03,20,0.0,0.0,0.708,0.292,0.0,0.0,1.0,2.0
2024-06-03,21,0.951,0.0,0.0,0.049,1.0,0.0,0.0,1.0
2024-06-03,22,0.111,0.0,0.102,0.787,1.0,0.0,1.0,1.0
2024-06-03,23,0.157,0.0,0.685,0.157,1.0,0.0,2.0,2.0
2024-06-05,0,0.944,0.0,0.056,0.0,2.0,0.0,2.0,0.0
2024-06-05,1,0.118,0.0,0.377,0.505,1.0,0.0,2.0,2.0
2024-06-05,2,0.118,0.0,0.167,0.715,1.0,0.0,1.0,1.0
2024-06-05,3,0.0,0.0,0.462,0.538,0.0,0.0,1.0,1.0
2024-06-05,4,0.63,0.0,0.239,0.131,2.0,0.0,2.0,2.0
2024-06-05,5,0.0,0.0,0.351,0.649,0.0,0.0,2.0,2.0
2024-06-05,6,0.154,0.0,0.433,0.413,1.0,0.0,1.0,1.0
2024-06-05,7,0.593,0.079,0.157,0.17,2.0,1.0,1.0,2.0
2024-06-05,8,0.0,0.0,0.698,0.302,0.0,0.0,1.0,1.0
2024-06-05,9,0.826,0.0,0.174,0.0,2.0,0.0,2.0,0.0
2024-06-05,10,0.534,0.0,0.23,0.236,2.0,0.0,2.0,2.0
2024-06-05,11,0.174,0.0,0.315,0.511,1.0,0.0,2.0,1.0
2024-06-05,12,0.41,0.0,0.59,0.0,1.0,0.0,1.0,0.0
2024-06-05,13,0.685,0.0,0.315,0.0,4.0,0.0,3.0,0.0
2024-06-05,14,0.125,0.0,0.472,0.403,1.0,0.0,2.0,2.0
2024-06-05,15,0.184,0.0,0.787,0.03,1.0,0.0,1.0,1.0
2024-06-05,16,1.0,0.0,0.0,0.0,1.0,0.0,0.0,0.0
2024-06-05,17,0.941,0.0,0.059,0.0,1.0,0.0,1.0,0.0
2024-06-05,18,0.354,0.118,0.334,0.193,2.0,2.0,5.0,1.0
2024-06-05,19,0.0,0.0,0.472,0.528,0.0,0.0,1.0,2.0
2024-06-05,20,0.0,0.0,0.826,0.174,0.0,0.0,1.0,2.0
2024-06-05,21,0.079,0.0,0.675,0.246,1.0,0.0,2.0,1.0
2024-06-05,22,0.298,0.0,0.466,0.236,2.0,0.0,3.0,1.0
2024-06-05,23,0.646,0.079,0.118,0.157,4.0,2.0,3.0,1.0
2024-06-06,0,0.0,0.0,0.489,0.511,0.0,0.0,3.0,1.0
2024-06-06,1,0.072,0.0,0.889,0.039,2.0,0.0,3.0,1.0
2024-06-06,2,0.046,0.0,0.443,0.511,1.0,0.0,2.0,1.0
2024-06-06,3,0.38,0.0,0.62,0.0,3.0,0.0,3.0,0.0
2024-06-06,4,0.564,0.0,0.239,0.197,3.0,0.0,3.0,1.0
2024-06-06,5,0.0,0.0,0.41,0.59,0.0,0.0,2.0,1.0
2024-06-06,6,0.469,0.0,0.492,0.039,1.0,0.0,1.0,1.0
2024-06-06,7,0.921,0.079,0.0,0.0,2.0,1.0,0.0,0.0
2024-06-06,8,0.734,0.118,0.079,0.069,2.0,1.0,1.0,1.0
2024-06-06,9,0.0,0.0,0.0,1.0,0.0,0.0,0.0,1.0
2024-06-06,10,0.0,0.0,0.787,0.213,0.0,0.0,1.0,2.0
2024-06-06,11,0.866,0.0,0.0,0.134,1.0,0.0,0.0,1.0
2024-06-06,12,0.472,0.0,0.0,0.528,1.0,0.0,0.0,1.0
2024-06-06,13,0.551,0.0,0.23,0.22,3.0,0.0,3.0,1.0
2024-06-06,14,0.039,0.0,0.607,0.354,1.0,0.0,3.0,1.0
2024-06-06,15,0.0,0.0,0.502,0.498,0.0,0.0,1.0,1.0
2024-06-06,16,0.554,0.0,0.393,0.052,1.0,0.0,1.0,1.0
2024-06-06,17,0.921,0.079,0.0,0.0,3.0,2.0,0.0,0.0
2024-06-06,18,0.57,0.079,0.197,0.154,2.0,2.0,2.0,3.0
2024-06-06,19,0.0,0.0,0.551,0.449,0.0,0.0,2.0,3.0
2024-06-06,20,0.0,0.0,0.669,0.331,0.0,0.0,1.0,2.0
2024-06-06,21,0.0,0.0,0.636,0.364,0.0,0.0,1.0,1.0
2024-06-06,22,0.0,0.0,0.056,0.944,0.0,0.0,2.0,1.0
2024-06-06,23,0.0,0.0,0.764,0.236,0.0,0.0,2.0,1.0
2024-06-07,0,0.0,0.0,0.646,0.354,0.0,0.0,1.0,1.0
2024-06-07,1,0.0,0.0,0.528,0.472,0.0,0.0,2.0,1.0
2024-06-07,2,0.0,0.0,0.715,0.285,0.0,0.0,1.0,1.0
2024-06-07,3,0.0,0.0,0.734,0.266,0.0,0.0,1.0,1.0
2024-06-07,4,0.157,0.0,0.449,0.393,2.0,0.0,4.0,1.0
2024-06-07,5,0.0,0.0,0.902,0.098,0.0,0.0,1.0,1.0
2024-06-07,6,0.272,0.0,0.393,0.334,1.0,0.0,1.0,1.0
2024-06-07,7,1.0,0.0,0.0,0.0,1.0,0.0,0.0,0.0
2024-06-07,8,0.734,0.0,0.236,0.03,1.0,0.0,1.0,1.0
2024-06-07,9,0.0,0.0,0.439,0.561,0.0,0.0,1.0,1.0
2024-06-07,10,0.141,0.0,0.269,0.59,1.0,0.0,2.0,1.0
2024-06-07,11,0.725,0.0,0.275,0.0,2.0,0.0,2.0,1.0
2024-06-07,12,0.708,0.0,0.016,0.275,1.0,0.0,1.0,1.0
2024-06-07,13,0.315,0.0,0.213,0.472,1.0,0.0,3.0,1.0
2024-06-07,14,0.0,0.0,0.685,0.315,0.0,0.0,2.0,1.0
2024-06-07,15,0.066,0.0,0.462,0.472,1.0,0.0,2.0,1.0
2024-06-07,16,0.997,0.003,0.0,0.0,1.0,1.0,0.0,0.0
2024-06-07,17,0.925,0.075,0.0,0.0,2.0,2.0,0.0,0.0
2024-06-07,18,0.256,0.0,0.433,0.311,2.0,0.0,2.0,1.0
2024-06-07,19,0.0,0.0,0.564,0.436,0.0,0.0,1.0,1.0
2024-06-07,20,0.148,0.0,0.184,0.669,1.0,0.0,2.0,1.0
2024-06-07,21,0.364,0.0,0.085,0.551,1.0,0.0,2.0,1.0
2024-06-07,22,0.0,0.0,0.662,0.338,0.0,0.0,1.0,1.0
2024-06-07,23,0.354,0.0,0.393,0.252,1.0,0.0,1.0,3.0
2024-06-08,0,0.0,0.0,0.095,0.905,0.0,0.0,1.0,1.0
2024-06-08,1,0.0,0.0,1.0,0.0,0.0,0.0,1.0,0.0
2024-06-08,2,0.0,0.0,0.489,0.511,0.0,0.0,2.0,1.0
2024-06-08,3,0.0,0.0,1.0,0.0,0.0,0.0,1.0,0.0
2024-06-08,4,0.0,0.0,0.252,0.748,0.0,0.0,2.0,1.0
2024-06-08,5,0.197,0.0,0.803,0.0,1.0,0.0,2.0,0.0
2024-06-08,6,0.0,0.0,1.0,0.0,0.0,0.0,1.0,0.0
2024-06-08,7,0.839,0.0,0.003,0.157,1.0,0.0,1.0,1.0
2024-06-08,8,1.0,0.0,0.0,0.0,1.0,0.0,0.0,0.0
2024-06-08,9,0.993,0.0,0.0,0.007,1.0,0.0,0.0,1.0
2024-06-08,10,0.0,0.0,0.259,0.741,0.0,0.0,1.0,1.0
2024-06-08,11,0.433,0.0,0.37,0.197,2.0,0.0,2.0,1.0
2024-06-08,12,0.748,0.0,0.157,0.095,3.0,0.0,3.0,1.0
2024-06-08,13,0.118,0.033,0.0,0.849,1.0,1.0,0.0,1.0
2024-06-08,14,0.0,0.085,0.836,0.079,0.0,2.0,2.0,1.0
2024-06-08,15,0.498,0.0,0.423,0.079,1.0,0.0,1.0,1.0
2024-06-08,16,0.721,0.0,0.279,0.0,3.0,0.0,3.0,0.0
2024-06-08,17,0.511,0.0,0.489,0.0,2.0,0.0,3.0,0.0
2024-06-08,18,0.0,0.0,1.0,0.0,0.0,0.0,1.0,0.0
2024-06-08,19,0.0,0.0,0.725,0.275,0.0,0.0,2.0,1.0
2024-06-08,20,0.305,0.0,0.616,0.079,1.0,0.0,1.0,1.0
2024-06-08,21,0.325,0.0,0.4,0.275,1.0,0.0,2.0,1.0
2024-06-08,22,0.0,0.0,0.449,0.551,0.0,0.0,2.0,1.0
2024-06-08,23,0.0,0.0,0.725,0.275,0.0,0.0,2.0,2.0
2024-06-09,0,0.0,0.0,1.0,0.0,0.0,0.0,1.0,0.0
2024-06-09,1,0.0,0.0,0.646,0.354,0.0,0.0,2.0,1.0
2024-06-09,2,0.0,0.0,0.646,0.354,0.0,0.0,2.0,1.0
2024-06-09,3,0.0,0.0,0.843,0.157,0.0,0.0,2.0,1.0
2024-06-09,4,0.0,0.0,0.879,0.121,0.0,0.0,1.0,1.0
2024-06-09,5,0.157,0.0,0.413,0.43,1.0,0.0,2.0,1.0
2024-06-09,6,0.154,0.0,0.846,0.0,2.0,0.0,2.0,0.0
2024-06-09,7,1.0,0.0,0.0,0.0,1.0,0.0,0.0,0.0
2024-06-09,8,1.0,0.0,0.0,0.0,1.0,0.0,0.0,0.0
2024-06-09,9,0.325,0.0,0.669,0.007,1.0,0.0,1.0,1.0
2024-06-09,10,0.574,0.0,0.039,0.387,1.0,0.0,1.0,1.0
2024-06-09,11,0.292,0.0,0.59,0.118,2.0,0.0,2.0,1.0
2024-06-09,12,0.0,0.0,0.803,0.197,0.0,0.0,1.0,1.0
2024-06-09,13,0.275,0.0,0.725,0.0,1.0,0.0,2.0,0.0
2024-06-09,14,0.0,0.0,0.754,0.246,0.0,0.0,2.0,2.0
2024-06-09,15,0.577,0.0,0.275,0.148,1.0,0.0,1.0,1.0
2024-06-09,16,0.921,0.079,0.0,0.0,2.0,1.0,0.0,0.0
2024-06-09,17,0.961,0.039,0.0,0.0,2.0,1.0,0.0,0.0
2024-06-09,18,0.885,0.115,0.0,0.0,2.0,2.0,0.0,0.0
2024-06-09,19,0.0,0.121,0.407,0.472,0.0,1.0,2.0,1.0
2024-06-09,20,0.0,0.0,0.616,0.384,0.0,0.0,1.0,1.0
2024-06-09,21,0.321,0.0,0.433,0.246,1.0,0.0,1.0,2.0
2024-06-09,22,1.0,0.0,0.0,0.0,1.0,0.0,0.0,0.0
2024-06-09,23,0.449,0.039,0.236,0.275,3.0,1.0,4.0,1.0
2024-06-10,0,0.275,0.0,0.252,0.472,2.0,0.0,3.0,1.0
2024-06-10,1,0.079,0.0,0.567,0.354,1.0,0.0,2.0,1.0
2024-06-10,2,0.0,0.0,0.607,0.393,0.0,0.0,2.0,1.0
2024-06-10,3,0.0,0.0,0.607,0.393,0.0,0.0,2.0,1.0
2024-06-10,4,0.0,0.0,0.485,0.515,0.0,0.0,1.0,1.0
2024-06-10,5,0.039,0.0,0.846,0.115,1.0,0.0,2.0,1.0
2024-06-10,6,0.0,0.0,0.689,0.311,0.0,0.0,2.0,2.0
2024-06-10,7,0.761,0.0,0.079,0.161,1.0,0.0,1.0,1.0
2024-06-10,8,0.695,0.0,0.305,0.0,2.0,0.0,2.0,0.0
2024-06-10,9,0.0,0.0,1.0,0.0,0.0,0.0,1.0,0.0
2024-06-10,10,0.118,0.0,0.646,0.236,1.0,0.0,3.0,1.0
2024-06-10,11,0.0,0.0,0.489,0.511,0.0,0.0,2.0,1.0
2024-06-10,12,0.472,0.0,0.528,0.0,1.0,0.0,2.0,0.0
2024-06-10,13,0.0,0.0,0.803,0.197,0.0,0.0,2.0,1.0
2024-06-10,14,0.0,0.0,0.764,0.236,0.0,0.0,2.0,1.0
2024-06-10,15,0.315,0.0,0.685,0.0,1.0,0.0,2.0,0.0
2024-06-10,16,0.0,0.0,0.646,0.354,0.0,0.0,2.0,1.0
2024-06-10,17,0.413,0.0,0.548,0.039,2.0,0.0,3.0,1.0
2024-06-10,18,1.0,0.0,0.0,0.0,2.0,0.0,0.0,0.0
2024-06-10,19,0.711,0.0,0.0,0.289,1.0,0.0,0.0,1.0
2024-06-10,20,0.0,0.0,0.305,0.695,0.0,0.0,4.0,4.0
2024-06-10,21,0.361,0.039,0.6,0.0,2.0,1.0,1.0,0.0
2024-06-10,22,0.348,0.0,0.0,0.652,1.0,0.0,0.0,1.0
2024-06-10,23,0.0,0.0,0.748,0.252,0.0,0.0,2.0,2.0
2024-06-11,0,0.0,0.0,0.708,0.292,0.0,0.0,1.0,2.0
2024-06-11,1,0.0,0.0,0.584,0.416,0.0,0.0,1.0,1.0
2024-06-11,2,0.0,0.0,0.213,0.787,0.0,0.0,2.0,1.0
2024-06-11,3,0.0,0.0,1.0,0.0,0.0,0.0,1.0,0.0
2024-06-11,4,0.197,0.0,0.489,0.315,1.0,0.0,2.0,1.0
2024-06-11,5,0.0,0.0,0.351,0.649,0.0,0.0,1.0,1.0
2024-06-11,6,0.233,0.0,0.748,0.02,1.0,0.0,1.0,1.0
2024-06-11,7,0.961,0.039,0.0,0.0,2.0,1.0,0.0,0.0
2024-06-11,8,0.734,0.0,0.266,0.0,2.0,0.0,2.0,0.0
2024-06-11,9,0.0,0.0,0.489,0.511,0.0,0.0,2.0,1.0
2024-06-11,10,0.456,0.079,0.466,0.0,3.0,2.0,1.0,0.0
2024-06-11,11,0.646,0.0,0.079,0.275,1.0,0.0,1.0,1.0
2024-06-11,12,0.0,0.0,0.646,0.354,0.0,0.0,1.0,1.0
2024-06-11,13,0.393,0.0,0.534,0.072,1.0,0.0,2.0,1.0
2024-06-11,14,0.275,0.0,0.521,0.203,1.0,0.0,1.0,1.0
2024-06-11,15,0.0,0.0,0.725,0.275,0.0,0.0,2.0,1.0
2024-06-11,16,0.908,0.0,0.092,0.0,1.0,0.0,1.0,0.0
2024-06-11,17,1.0,0.0,0.0,0.0,1.0,0.0,0.0,0.0
2024-06-11,18,0.689,0.039,0.079,0.193,2.0,1.0,1.0,1.0
2024-06-11,19,0.0,0.0,0.511,0.489,0.0,0.0,1.0,2.0
2024-06-11,20,0.0,0.0,0.777,0.223,0.0,0.0,1.0,1.0
2024-06-11,21,0.0,0.0,0.331,0.669,0.0,0.0,2.0,1.0
2024-06-11,22,0.0,0.0,1.0,0.0,0.0,0.0,1.0,0.0
2024-06-11,23,0.0,0.0,0.489,0.511,0.0,0.0,2.0,2.0
2024-06-12,0,0.0,0.0,0.489,0.511,0.0,0.0,3.0,2.0
2024-06-12,1,0.0,0.0,1.0,0.0,0.0,0.0,1.0,0.0
2024-06-12,2,0.0,0.0,0.528,0.472,0.0,0.0,2.0,1.0
2024-06-12,3,0.0,0.0,0.934,0.066,0.0,0.0,1.0,1.0
2024-06-12,4,0.0,0.0,0.515,0.485,0.0,0.0,1.0,1.0
2024-06-12,5,0.0,0.0,0.685,0.315,0.0,0.0,2.0,1.0
2024-06-12,6,0.39,0.0,0.61,0.0,1.0,0.0,1.0,0.0
2024-06-12,7,1.0,0.0,0.0,0.0,1.0,0.0,0.0,0.0
2024-06-12,8,0.734,0.0,0.079,0.187,2.0,0.0,1.0,1.0
2024-06-12,9,0.0,0.0,0.675,0.325,0.0,0.0,1.0,1.0
2024-06-12,10,0.456,0.0,0.426,0.118,1.0,0.0,1.0,1.0
2024-06-12,11,0.803,0.197,0.0,0.0,4.0,3.0,0.0,0.0
2024-06-12,12,0.669,0.039,0.0,0.292,2.0,1.0,0.0,1.0
2024-06-12,13,0.0,0.0,0.544,0.456,0.0,0.0,1.0,1.0
2024-06-12,14,0.039,0.0,0.754,0.207,1.0,0.0,3.0,2.0
2024-06-12,15,0.144,0.0,0.393,0.462,1.0,0.0,1.0,1.0
2024-06-12,16,0.882,0.118,0.0,0.0,3.0,2.0,0.0,0.0
2024-06-12,17,0.961,0.039,0.0,0.0,2.0,1.0,0.0,0.0
2024-06-12,18,0.807,0.079,0.0,0.115,3.0,2.0,0.0,1.0
2024-06-12,19,0.0,0.0,0.092,0.908,0.0,0.0,1.0,1.0
2024-06-12,20,0.0,0.0,0.734,0.266,0.0,0.0,1.0,1.0
2024-06-12,21,0.079,0.0,0.433,0.489,1.0,0.0,1.0,2.0
2024-06-12,22,0.0,0.0,0.377,0.623,0.0,0.0,1.0,1.0
2024-06-12,23,0.0,0.0,0.528,0.472,0.0,0.0,2.0,1.0
2024-06-13,0,0.039,0.0,0.843,0.118,1.0,0.0,2.0,1.0
2024-06-13,1,0.0,0.0,0.37,0.63,0.0,0.0,2.0,1.0
2024-06-13,2,0.0,0.0,1.0,0.0,0.0,0.0,1.0,0.0
2024-06-13,3,0.0,0.0,0.41,0.59,0.0,0.0,4.0,3.0
2024-06-13,4,0.039,0.0,0.921,0.039,1.0,0.0,2.0,1.0
2024-06-13,5,0.118,0.0,0.882,0.0,1.0,0.0,2.0,0.0
2024-06-13,6,0.469,0.0,0.334,0.197,1.0,0.0,2.0,1.0
2024-06-13,7,1.0,0.0,0.0,0.0,1.0,0.0,0.0,0.0
2024-06-13,8,0.42,0.0,0.315,0.266,1.0,0.0,1.0,1.0
2024-06-13,9,0.472,0.0,0.007,0.521,1.0,0.0,1.0,1.0
2024-06-13,10,0.298,0.0,0.584,0.118,1.0,0.0,1.0,1.0
2024-06-13,11,0.843,0.0,0.0,0.157,1.0,0.0,0.0,1.0
2024-06-13,12,0.0,0.0,0.567,0.433,0.0,0.0,1.0,1.0
2024-06-13,13,0.511,0.0,0.377,0.111,1.0,0.0,2.0,1.0
2024-06-13,14,0.354,0.0,0.325,0.321,1.0,0.0,2.0,1.0
2024-06-13,15,0.0,0.0,0.449,0.551,0.0,0.0,2.0,1.0
2024-06-13,16,0.83,0.0,0.17,0.0,1.0,0.0,1.0,0.0
2024-06-13,17,1.0,0.0,0.0,0.0,1.0,0.0,0.0,0.0
2024-06-13,18,0.334,0.0,0.354,0.311,1.0,0.0,1.0,1.0
2024-06-13,19,0.0,0.0,0.564,0.436,0.0,0.0,1.0,1.0
2024-06-13,20,0.0,0.0,0.607,0.393,0.0,0.0,2.0,1.0
2024-06-13,21,0.675,0.0,0.325,0.0,1.0,0.0,1.0,0.0
2024-06-13,22,0.387,0.0,0.039,0.574,1.0,0.0,1.0,1.0
2024-06-13,23,0.079,0.0,0.511,0.41,1.0,0.0,1.0,2.0
2024-06-14,0,0.118,0.0,0.449,0.433,1.0,0.0,2.0,1.0
2024-06-14,1,0.0,0.0,1.0,0.0,0.0,0.0,1.0,0.0
2024-06-14,2,0.0,0.0,0.567,0.433,0.0,0.0,2.0,1.0
2024-06-14,3,0.0,0.0,0.856,0.144,0.0,0.0,1.0,1.0
2024-06-14,4,0.118,0.0,0.475,0.407,1.0,0.0,1.0,1.0
2024-06-14,5,0.039,0.0,0.941,0.02,1.0,0.0,2.0,1.0
2024-06-14,6,0.587,0.0,0.079,0.334,1.0,0.0,1.0,1.0
2024-06-14,7,1.0,0.0,0.0,0.0,1.0,0.0,0.0,0.0
2024-06-14,8,0.459,0.0,0.118,0.423,1.0,0.0,1.0,1.0
2024-06-14,9,0.0,0.0,0.63,0.37,0.0,0.0,1.0,2.0
2024-06-14,10,0.692,0.0,0.236,0.072,1.0,0.0,1.0,1.0
2024-06-14,11,0.961,0.0,0.039,0.0,2.0,0.0,1.0,0.0
2024-06-14,12,0.174,0.0,0.315,0.511,2.0,0.0,2.0,1.0
2024-06-14,13,0.889,0.079,0.033,0.0,1.0,1.0,1.0,0.0
2024-06-14,14,0.0,0.0,0.646,0.354,0.0,0.0,2.0,1.0
2024-06-14,15,0.223,0.0,0.305,0.472,1.0,0.0,1.0,1.0
2024-06-14,16,1.0,0.0,0.0,0.0,1.0,0.0,0.0,0.0
2024-06-14,17,1.0,0.0,0.0,0.0,1.0,0.0,0.0,0.0
2024-06-14,18,1.0,0.0,0.0,0.0,1.0,0.0,0.0,0.0
2024-06-14,19,0.003,0.039,0.131,0.826,1.0,1.0,2.0,1.0
2024-06-14,20,0.0,0.0,0.695,0.305,0.0,0.0,1.0,1.0
2024-06-14,21,0.354,0.0,0.354,0.292,1.0,0.0,1.0,2.0
2024-06-14,22,0.0,0.0,0.534,0.466,0.0,0.0,1.0,1.0
2024-06-14,23,0.236,0.0,0.292,0.472,2.0,0.0,2.0,1.0
2024-06-15,0,0.669,0.0,0.331,0.0,3.0,0.0,3.0,0.0
2024-06-15,1,0.0,0.0,0.213,0.787,0.0,0.0,2.0,1.0
2024-06-15,2,0.0,0.0,1.0,0.0,0.0,0.0,1.0,0.0
2024-06-15,3,0.0,0.0,0.449,0.551,0.0,0.0,2.0,1.0
2024-06-15,4,0.0,0.0,1.0,0.0,0.0,0.0,1.0,0.0
2024-06-15,5,0.079,0.0,0.862,0.059,1.0,0.0,2.0,1.0
2024-06-15,6,0.0,0.0,0.862,0.138,0.0,0.0,1.0,1.0
2024-06-15,7,0.918,0.0,0.082,0.0,1.0,0.0,1.0,0.0
2024-06-15,8,1.0,0.0,0.0,0.0,1.0,0.0,0.0,0.0
2024-06-15,9,0.443,0.0,0.0,0.557,1.0,0.0,0.0,1.0
2024-06-15,10,0.849,0.0,0.0,0.151,1.0,0.0,0.0,1.0
2024-06-15,11,0.252,0.0,0.551,0.197,2.0,0.0,2.0,1.0
2024-06-15,12,0.567,0.0,0.079,0.354,1.0,0.0,2.0,1.0
2024-06-15,13,0.456,0.0,0.544,0.0,3.0,0.0,3.0,0.0
2024-06-15,14,0.0,0.0,0.449,0.551,0.0,0.0,2.0,1.0
2024-06-15,15,0.341,0.0,0.659,0.0,1.0,0.0,1.0,0.0
2024-06-15,16,0.961,0.039,0.0,0.0,2.0,1.0,0.0,0.0
2024-06-15,17,1.0,0.0,0.0,0.0,1.0,0.0,0.0,0.0
2024-06-15,18,0.374,0.0,0.433,0.193,1.0,0.0,1.0,1.0
2024-06-15,19,0.039,0.0,0.511,0.449,1.0,0.0,1.0,2.0
2024-06-15,20,0.039,0.0,0.698,0.262,1.0,0.0,2.0,1.0
2024-06-15,21,0.0,0.0,0.331,0.669,0.0,0.0,2.0,1.0
2024-06-15,22,0.0,0.0,0.567,0.433,0.0,0.0,2.0,1.0
2024-06-15,23,0.275,0.0,0.725,0.0,4.0,0.0,4.0,0.0
2024-06-16,0,0.0,0.0,0.646,0.354,0.0,0.0,2.0,1.0
2024-06-16,1,0.079,0.0,0.921,0.0,1.0,0.0,2.0,0.0
2024-06-16,2,0.0,0.0,0.489,0.511,0.0,0.0,3.0,2.0
2024-06-16,3,0.0,0.0,0.62,0.38,0.0,0.0,1.0,1.0
2024-06-16,4,0.0,0.0,0.987,0.013,0.0,0.0,1.0,1.0
2024-06-16,5,0.138,0.0,0.784,0.079,2.0,0.0,2.0,1.0
2024-06-16,6,0.059,0.0,0.744,0.197,1.0,0.0,3.0,2.0
2024-06-16,7,0.682,0.039,0.279,0.0,2.0,1.0,1.0,0.0
2024-06-16,8,1.0,0.0,0.0,0.0,1.0,0.0,0.0,0.0
2024-06-16,9,0.403,0.0,0.203,0.393,2.0,0.0,3.0,1.0
2024-06-16,10,0.0,0.0,1.0,0.0,0.0,0.0,1.0,0.0
2024-06-16,11,0.551,0.0,0.095,0.354,1.0,0.0,2.0,1.0
2024-06-16,12,0.0,0.0,1.0,0.0,0.0,0.0,1.0,0.0
2024-06-16,13,0.472,0.0,0.528,0.0,2.0,0.0,3.0,0.0
2024-06-16,14,0.039,0.0,0.597,0.364,1.0,0.0,2.0,2.0
2024-06-16,15,0.223,0.0,0.63,0.148,1.0,0.0,1.0,1.0
2024-06-16,16,1.0,0.0,0.0,0.0,1.0,0.0,0.0,0.0
2024-06-16,17,0.921,0.079,0.0,0.0,2.0,1.0,0.0,0.0
2024-06-16,18,0.846,0.0,0.154,0.0,1.0,0.0,1.0,0.0
2024-06-16,19,0.0,0.0,0.607,0.393,0.0,0.0,2.0,1.0
2024-06-16,20,0.0,0.0,0.528,0.472,0.0,0.0,2.0,1.0
2024-06-16,21,0.0,0.0,0.757,0.243,0.0,0.0,1.0,1.0
2024-06-16,22,0.0,0.0,0.613,0.387,0.0,0.0,1.0,1.0
2024-06-16,23,0.0,0.0,0.685,0.315,0.0,0.0,3.0,1.0
2024-06-17,0,0.0,0.0,0.433,0.567,0.0,0.0,1.0,1.0
2024-06-17,1,0.0,0.0,0.898,0.102,0.0,0.0,1.0,1.0
2024-06-17,2,0.0,0.0,0.646,0.354,0.0,0.0,2.0,1.0
2024-06-17,3,0.0,0.0,1.0,0.0,0.0,0.0,1.0,0.0
2024-06-17,4,0.197,0.0,0.37,0.433,1.0,0.0,2.0,1.0
2024-06-17,5,0.0,0.0,0.587,0.413,0.0,0.0,2.0,2.0
2024-06-17,6,0.154,0.0,0.708,0.138,1.0,0.0,1.0,1.0
2024-06-17,7,1.0,0.0,0.0,0.0,1.0,0.0,0.0,0.0
2024-06-17,8,1.0,0.0,0.0,0.0,1.0,0.0,0.0,0.0
2024-06-17,9,0.639,0.079,0.282,0.0,2.0,1.0,1.0,0.0
2024-06-17,10,0.062,0.039,0.898,0.0,1.0,1.0,1.0,0.0
2024-06-17,11,0.134,0.354,0.472,0.039,2.0,3.0,3.0,1.0
2024-06-17,12,0.197,0.0,0.511,0.292,2.0,0.0,3.0,2.0
2024-06-17,13,0.079,0.0,0.466,0.456,1.0,0.0,2.0,1.0
2024-06-17,14,0.039,0.0,0.37,0.59,1.0,0.0,3.0,2.0
2024-06-17,15,0.262,0.0,0.738,0.0,1.0,0.0,1.0,0.0
2024-06-17,16,0.961,0.039,0.0,0.0,2.0,1.0,0.0,0.0
2024-06-17,17,0.961,0.039,0.0,0.0,2.0,1.0,0.0,0.0
2024-06-17,18,0.492,0.039,0.197,0.272,3.0,1.0,3.0,1.0
2024-06-17,19,0.0,0.0,0.525,0.475,0.0,0.0,1.0,1.0
2024-06-17,20,0.0,0.0,0.41,0.59,0.0,0.0,2.0,1.0
2024-06-17,21,0.0,0.0,0.561,0.439,0.0,0.0,1.0,1.0
2024-06-17,22,0.0,0.0,0.59,0.41,0.0,0.0,1.0,2.0
2024-06-17,23,0.0,0.0,0.787,0.213,0.0,0.0,2.0,1.0
2024-06-18,0,0.0,0.0,0.292,0.708,0.0,0.0,1.0,1.0
2024-06-18,1,0.0,0.0,0.692,0.308,0.0,0.0,1.0,1.0
2024-06-18,2,0.0,0.0,0.954,0.046,0.0,0.0,1.0,1.0
2024-06-18,3,0.0,0.0,0.41,0.59,0.0,0.0,2.0,1.0
2024-06-18,4,0.118,0.0,0.882,0.0,2.0,0.0,3.0,0.0
2024-06-18,5,0.0,0.0,0.449,0.551,0.0,0.0,2.0,1.0
2024-06-18,6,0.43,0.0,0.57,0.0,1.0,0.0,1.0,0.0
2024-06-18,7,1.0,0.0,0.0,0.0,1.0,0.0,0.0,0.0
2024-06-18,8,0.38,0.039,0.275,0.305,2.0,1.0,1.0,1.0
2024-06-18,9,0.125,0.0,0.669,0.207,1.0,0.0,1.0,2.0
2024-06-18,10,0.961,0.0,0.039,0.0,2.0,0.0,1.0,0.0
2024-06-18,11,0.607,0.0,0.039,0.354,1.0,0.0,1.0,1.0
2024-06-18,12,0.41,0.0,0.433,0.157,1.0,0.0,1.0,1.0
2024-06-18,13,0.685,0.0,0.236,0.079,3.0,0.0,2.0,1.0
2024-06-18,14,0.046,0.0,0.6,0.354,2.0,0.0,3.0,1.0
2024-06-18,15,0.223,0.0,0.62,0.157,1.0,0.0,2.0,1.0
2024-06-18,16,0.843,0.157,0.0,0.0,2.0,1.0,0.0,0.0
2024-06-18,17,0.902,0.0,0.098,0.0,2.0,0.0,2.0,0.0
2024-06-18,18,0.079,0.0,0.489,0.433,2.0,0.0,3.0,1.0
2024-06-18,19,0.0,0.0,0.174,0.826,0.0,0.0,2.0,1.0
2024-06-18,20,0.0,0.0,0.498,0.502,0.0,0.0,1.0,1.0
2024-06-18,21,0.715,0.0,0.0,0.285,1.0,0.0,0.0,1.0
2024-06-18,22,0.387,0.0,0.039,0.574,1.0,0.0,1.0,1.0
2024-06-18,23,0.0,0.0,0.63,0.37,0.0,0.0,1.0,2.0
2024-06-19,0,0.0,0.0,0.472,0.528,0.0,0.0,1.0,1.0
2024-06-19,1,0.0,0.0,0.898,0.102,0.0,0.0,1.0,1.0
2024-06-19,2,0.039,0.0,0.331,0.63,1.0,0.0,3.0,1.0
2024-06-19,3,0.0,0.0,0.816,0.184,0.0,0.0,1.0,1.0
2024-06-19,4,0.315,0.039,0.515,0.131,2.0,1.0,2.0,1.0
2024-06-19,5,0.079,0.0,0.784,0.138,1.0,0.0,2.0,1.0
2024-06-19,6,0.036,0.0,0.59,0.374,1.0,0.0,1.0,1.0
2024-06-19,7,1.0,0.0,0.0,0.0,1.0,0.0,0.0,0.0
2024-06-19,8,1.0,0.0,0.0,0.0,1.0,0.0,0.0,0.0
2024-06-19,9,0.561,0.0,0.079,0.361,1.0,0.0,1.0,1.0
2024-06-19,10,0.315,0.0,0.259,0.426,1.0,0.0,2.0,1.0
2024-06-19,11,0.118,0.0,0.449,0.433,1.0,0.0,1.0,1.0
2024-06-19,12,0.944,0.056,0.0,0.0,1.0,1.0,0.0,0.0
2024-06-19,13,0.0,0.062,0.157,0.78,0.0,1.0,1.0,1.0
2024-06-19,14,0.354,0.0,0.6,0.046,2.0,0.0,3.0,1.0
2024-06-19,15,0.0,0.0,0.607,0.393,0.0,0.0,2.0,1.0
2024-06-19,16,0.869,0.039,0.092,0.0,2.0,1.0,1.0,0.0
2024-06-19,17,1.0,0.0,0.0,0.0,1.0,0.0,0.0,0.0
2024-06-19,18,0.882,0.0,0.039,0.079,2.0,0.0,1.0,1.0
2024-06-19,19,0.003,0.0,0.131,0.866,1.0,0.0,1.0,1.0
2024-06-19,20,0.039,0.0,0.577,0.384,1.0,0.0,2.0,1.0
2024-06-19,21,0.518,0.0,0.315,0.167,1.0,0.0,1.0,1.0
2024-06-19,22,0.19,0.0,0.377,0.433,1.0,0.0,1.0,1.0
2024-06-19,23,0.0,0.0,0.213,0.787,0.0,0.0,2.0,1.0
2024-06-20,0,0.0,0.0,0.787,0.213,0.0,0.0,1.0,1.0
2024-06-20,1,0.0,0.0,0.466,0.534,0.0,0.0,1.0,1.0
2024-06-20,2,0.0,0.0,1.0,0.0,0.0,0.0,1.0,0.0
2024-06-20,3,0.0,0.0,0.331,0.669,0.0,0.0,2.0,1.0
2024-06-20,4,0.236,0.0,0.761,0.003,1.0,0.0,2.0,1.0
2024-06-20,5,0.0,0.0,0.511,0.489,0.0,0.0,1.0,2.0
2024-06-20,6,0.272,0.0,0.551,0.177,1.0,0.0,1.0,1.0
2024-06-20,7,0.961,0.039,0.0,0.0,2.0,1.0,0.0,0.0
2024-06-20,8,0.538,0.0,0.462,0.0,1.0,0.0,1.0,0.0
2024-06-20,9,0.0,0.0,0.252,0.748,0.0,0.0,2.0,1.0
2024-06-20,10,0.967,0.0,0.033,0.0,1.0,0.0,1.0,0.0
2024-06-20,11,0.37,0.0,0.236,0.393,1.0,0.0,1.0,1.0
2024-06-20,12,0.252,0.0,0.669,0.079,1.0,0.0,1.0,1.0
2024-06-20,13,0.338,0.0,0.197,0.466,1.0,0.0,1.0,1.0
2024-06-20,14,0.079,0.0,0.915,0.007,1.0,0.0,2.0,1.0
2024-06-20,15,0.433,0.0,0.567,0.0,3.0,0.0,4.0,0.0
2024-06-20,16,0.161,0.0,0.446,0.393,1.0,0.0,2.0,1.0
2024-06-20,17,0.961,0.039,0.0,0.0,2.0,1.0,0.0,0.0
2024-06-20,18,1.0,0.0,0.0,0.0,1.0,0.0,0.0,0.0
2024-06-20,19,0.082,0.0,0.367,0.551,1.0,0.0,2.0,1.0
2024-06-20,20,0.0,0.0,0.646,0.354,0.0,0.0,2.0,1.0
2024-06-20,21,0.439,0.0,0.128,0.433,2.0,0.0,3.0,2.0
2024-06-20,22,0.151,0.0,0.157,0.692,1.0,0.0,1.0,1.0
2024-06-20,23,0.0,0.0,0.708,0.292,0.0,0.0,2.0,1.0
2024-06-21,0,0.0,0.0,0.472,0.528,0.0,0.0,1.0,1.0
2024-06-21,1,0.315,0.0,0.511,0.174,2.0,0.0,3.0,2.0
2024-06-21,2,0.0,0.0,0.364,0.636,0.0,0.0,1.0,1.0
2024-06-21,3,0.0,0.0,0.528,0.472,0.0,0.0,2.0,1.0
2024-06-21,4,0.197,0.0,0.803,0.0,1.0,0.0,2.0,0.0
2024-06-21,5,0.0,0.0,0.489,0.511,0.0,0.0,2.0,1.0
2024-06-21,6,0.508,0.0,0.492,0.0,1.0,0.0,1.0,0.0
2024-06-21,7,1.0,0.0,0.0,0.0,1.0,0.0,0.0,0.0
2024-06-21,8,0.184,0.0,0.384,0.433,1.0,0.0,2.0,1.0
2024-06-21,9,0.0,0.0,0.875,0.125,0.0,0.0,1.0,1.0
2024-06-21,10,0.59,0.0,0.22,0.19,1.0,0.0,1.0,1.0
2024-06-21,11,0.0,0.0,0.528,0.472,0.0,0.0,2.0,1.0
2024-06-21,12,0.213,0.0,0.354,0.433,1.0,0.0,1.0,1.0
2024-06-21,13,0.22,0.039,0.741,0.0,3.0,1.0,2.0,0.0
2024-06-21,14,0.0,0.0,0.607,0.393,0.0,0.0,2.0,1.0
2024-06-21,15,0.026,0.0,0.895,0.079,1.0,0.0,2.0,1.0
2024-06-21,16,1.0,0.0,0.0,0.0,1.0,0.0,0.0,0.0
2024-06-21,17,0.921,0.079,0.0,0.0,3.0,2.0,0.0,0.0
2024-06-21,18,0.767,0.0,0.154,0.079,2.0,0.0,3.0,1.0
2024-06-21,19,0.0,0.0,0.41,0.59,0.0,0.0,2.0,1.0
2024-06-21,20,0.0,0.0,0.41,0.59,0.0,0.0,2.0,1.0
2024-06-21,21,0.203,0.0,0.521,0.275,1.0,0.0,1.0,1.0
2024-06-21,22,0.466,0.0,0.079,0.456,1.0,0.0,1.0,1.0
2024-06-21,23,0.0,0.0,0.708,0.292,0.0,0.0,2.0,1.0
2024-06-22,0,0.0,0.0,0.354,0.646,0.0,0.0,1.0,1.0
2024-06-22,1,0.0,0.0,0.905,0.095,0.0,0.0,1.0,2.0
2024-06-22,2,0.0,0.0,0.472,0.528,0.0,0.0,1.0,2.0
2024-06-22,3,0.0,0.0,0.262,0.738,0.0,0.0,1.0,1.0
2024-06-22,4,0.0,0.0,1.0,0.0,0.0,0.0,1.0,0.0
2024-06-22,5,0.157,0.0,0.646,0.197,1.0,0.0,2.0,1.0
2024-06-22,6,0.154,0.0,0.492,0.354,1.0,0.0,1.0,1.0
2024-06-22,7,1.0,0.0,0.0,0.0,1.0,0.0,0.0,0.0
2024-06-22,8,0.695,0.0,0.305,0.0,1.0,0.0,1.0,0.0
2024-06-22,9,0.0,0.0,0.489,0.511,0.0,0.0,2.0,1.0
2024-06-22,10,0.574,0.0,0.426,0.0,1.0,0.0,1.0,0.0
2024-06-22,11,0.292,0.0,0.236,0.472,1.0,0.0,1.0,1.0
2024-06-22,12,0.528,0.0,0.197,0.275,1.0,0.0,1.0,1.0
2024-06-22,13,0.495,0.0,0.505,0.0,2.0,0.0,2.0,0.0
2024-06-22,14,0.089,0.0,0.439,0.472,1.0,0.0,2.0,1.0
2024-06-22,15,0.961,0.039,0.0,0.0,2.0,1.0,0.0,0.0
2024-06-22,16,0.961,0.039,0.0,0.0,2.0,1.0,0.0,0.0
2024-06-22,17,0.921,0.079,0.0,0.0,2.0,1.0,0.0,0.0
2024-06-22,18,0.689,0.118,0.0,0.193,1.0,1.0,0.0,1.0
2024-06-22,19,0.0,0.0,0.328,0.672,0.0,0.0,1.0,1.0
2024-06-22,20,0.0,0.0,0.184,0.816,0.0,0.0,1.0,1.0
2024-06-22,21,0.197,0.0,0.511,0.292,2.0,0.0,3.0,2.0
2024-06-22,22,0.0,0.0,0.534,0.466,0.0,0.0,1.0,1.0
2024-06-22,23,0.0,0.0,0.528,0.472,0.0,0.0,3.0,1.0
2024-06-23,0,0.039,0.0,0.528,0.433,1.0,0.0,3.0,1.0
2024-06-23,1,0.0,0.0,0.692,0.308,0.0,0.0,1.0,1.0
2024-06-23,2,0.0,0.0,0.866,0.134,0.0,0.0,1.0,2.0
2024-06-23,3,0.0,0.0,0.498,0.502,0.0,0.0,1.0,1.0
2024-06-23,4,0.0,0.0,0.564,0.436,0.0,0.0,1.0,1.0
2024-06-23,5,0.118,0.039,0.492,0.351,2.0,1.0,2.0,1.0
2024-06-23,6,0.036,0.0,0.964,0.0,1.0,0.0,1.0,0.0
2024-06-23,7,0.921,0.079,0.0,0.0,2.0,1.0,0.0,0.0
2024-06-23,8,0.97,0.03,0.0,0.0,1.0,1.0,0.0,0.0
2024-06-23,9,0.872,0.128,0.0,0.0,2.0,2.0,0.0,0.0
2024-06-23,10,0.662,0.039,0.275,0.023,2.0,1.0,1.0,1.0
2024-06-23,11,0.0,0.0,0.393,0.607,0.0,0.0,1.0,1.0
2024-06-23,12,0.725,0.0,0.197,0.079,2.0,0.0,2.0,1.0
2024-06-23,13,0.22,0.157,0.23,0.393,1.0,1.0,1.0,1.0
2024-06-23,14,0.0,0.0,0.252,0.748,0.0,0.0,2.0,1.0
2024-06-23,15,0.852,0.039,0.108,0.0,2.0,1.0,1.0,0.0
2024-06-23,16,0.843,0.157,0.0,0.0,2.0,1.0,0.0,0.0
2024-06-23,17,1.0,0.0,0.0,0.0,1.0,0.0,0.0,0.0
2024-06-23,18,0.531,0.0,0.0,0.469,1.0,0.0,0.0,1.0
2024-06-23,19,0.0,0.0,0.393,0.607,0.0,0.0,1.0,2.0
2024-06-23,20,0.0,0.0,0.502,0.498,0.0,0.0,1.0,1.0
2024-06-23,21,0.125,0.0,0.325,0.551,1.0,0.0,1.0,1.0
2024-06-23,22,0.466,0.0,0.118,0.416,1.0,0.0,1.0,1.0
2024-06-23,23,0.393,0.0,0.236,0.37,1.0,0.0,3.0,1.0
2024-06-24,0,0.275,0.0,0.37,0.354,1.0,0.0,2.0,1.0
2024-06-24,1,0.0,0.0,0.534,0.466,0.0,0.0,1.0,1.0
2024-06-24,2,0.0,0.0,0.836,0.164,0.0,0.0,1.0,1.0
2024-06-24,3,0.0,0.0,0.489,0.511,0.0,0.0,2.0,1.0
2024-06-24,4,0.197,0.0,0.8,0.003,2.0,0.0,2.0,1.0
2024-06-24,5,0.0,0.0,0.551,0.449,0.0,0.0,1.0,2.0
2024-06-24,6,0.193,0.039,0.393,0.374,2.0,1.0,1.0,1.0
2024-06-24,7,0.987,0.0,0.013,0.0,1.0,0.0,1.0,0.0
2024-06-24,8,0.472,0.0,0.302,0.226,1.0,0.0,2.0,1.0
2024-06-24,9,0.243,0.0,0.236,0.521,1.0,0.0,1.0,1.0
2024-06-24,10,1.0,0.0,0.0,0.0,1.0,0.0,0.0,0.0
2024-06-24,11,0.882,0.118,0.0,0.0,3.0,2.0,0.0,0.0
2024-06-24,12,0.236,0.0,0.039,0.725,1.0,0.0,1.0,1.0
2024-06-24,13,0.118,0.039,0.702,0.141,2.0,1.0,3.0,1.0
2024-06-24,14,0.197,0.0,0.4,0.403,1.0,0.0,2.0,2.0
2024-06-24,15,0.223,0.039,0.393,0.344,2.0,1.0,1.0,1.0
2024-06-24,16,0.961,0.039,0.0,0.0,2.0,1.0,0.0,0.0
2024-06-24,17,1.0,0.0,0.0,0.0,1.0,0.0,0.0,0.0
2024-06-24,18,0.57,0.0,0.079,0.351,1.0,0.0,1.0,2.0
2024-06-24,19,0.0,0.0,0.328,0.672,0.0,0.0,1.0,1.0
2024-06-24,20,0.0,0.0,0.302,0.698,0.0,0.0,1.0,1.0
2024-06-24,21,0.0,0.0,0.708,0.292,0.0,0.0,1.0,2.0
2024-06-24,22,0.0,0.0,0.495,0.505,0.0,0.0,1.0,1.0
2024-06-24,23,0.0,0.0,0.567,0.433,0.0,0.0,2.0,1.0
2024-06-25,0,0.551,0.0,0.37,0.079,2.0,0.0,2.0,2.0
2024-06-25,1,0.0,0.0,0.102,0.898,0.0,0.0,1.0,1.0
2024-06-25,2,0.0,0.0,0.875,0.125,0.0,0.0,1.0,1.0
2024-06-25,3,0.0,0.0,0.541,0.459,0.0,0.0,1.0,1.0
2024-06-25,4,0.279,0.0,0.472,0.249,2.0,0.0,2.0,1.0
2024-06-25,5,0.075,0.0,0.787,0.138,1.0,0.0,1.0,1.0
2024-06-25,6,0.115,0.079,0.433,0.374,2.0,1.0,1.0,1.0
2024-06-25,7,1.0,0.0,0.0,0.0,1.0,0.0,0.0,0.0
2024-06-25,8,0.813,0.079,0.108,0.0,1.0,1.0,1.0,0.0
2024-06-25,9,0.748,0.0,0.252,0.0,1.0,0.0,2.0,0.0
2024-06-25,10,0.039,0.0,0.213,0.748,1.0,0.0,3.0,1.0
2024-06-25,11,0.0,0.0,0.449,0.551,0.0,0.0,2.0,1.0
2024-06-25,12,0.607,0.0,0.393,0.0,2.0,0.0,2.0,0.0
2024-06-25,13,0.889,0.111,0.0,0.0,1.0,1.0,0.0,0.0
2024-06-25,14,0.079,0.243,0.275,0.403,1.0,2.0,2.0,1.0
2024-06-25,15,0.0,0.0,0.616,0.384,0.0,0.0,1.0,1.0
2024-06-25,16,0.83,0.0,0.013,0.157,1.0,0.0,1.0,1.0
2024-06-25,17,0.921,0.079,0.0,0.0,2.0,1.0,0.0,0.0
2024-06-25,18,0.61,0.118,0.118,0.154,2.0,2.0,1.0,1.0
2024-06-25,19,0.0,0.0,0.328,0.672,0.0,0.0,1.0,1.0
2024-06-25,20,0.079,0.0,0.41,0.511,1.0,0.0,2.0,1.0
2024-06-25,21,0.0,0.0,0.443,0.557,0.0,0.0,1.0,1.0
2024-06-25,22,0.0,0.0,0.787,0.213,0.0,0.0,1.0,2.0
2024-06-25,23,0.0,0.0,0.354,0.646,0.0,0.0,1.0,2.0
2024-06-26,0,0.0,0.0,0.489,0.511,0.0,0.0,2.0,1.0
2024-06-26,1,0.0,0.0,1.0,0.0,0.0,0.0,1.0,0.0
2024-06-26,2,0.079,0.0,0.41,0.511,1.0,0.0,3.0,1.0
2024-06-26,3,0.0,0.0,0.344,0.656,0.0,0.0,1.0,1.0
2024-06-26,4,0.157,0.0,0.826,0.016,1.0,0.0,2.0,2.0
2024-06-26,5,0.0,0.0,0.551,0.449,0.0,0.0,1.0,2.0
2024-06-26,6,0.311,0.0,0.511,0.177,1.0,0.0,1.0,1.0
2024-06-26,7,1.0,0.0,0.0,0.0,1.0,0.0,0.0,0.0
2024-06-26,8,1.0,0.0,0.0,0.0,1.0,0.0,0.0,0.0
2024-06-26,9,0.489,0.0,0.0,0.511,2.0,0.0,0.0,1.0
2024-06-26,10,0.741,0.0,0.039,0.22,1.0,0.0,1.0,1.0
2024-06-26,11,0.669,0.0,0.118,0.213,2.0,0.0,1.0,1.0
2024-06-26,12,0.472,0.157,0.079,0.292,2.0,1.0,1.0,1.0
2024-06-26,13,0.072,0.0,0.511,0.416,1.0,0.0,1.0,1.0
2024-06-26,14,0.243,0.0,0.472,0.285,2.0,0.0,2.0,1.0
2024-06-26,15,0.184,0.0,0.511,0.305,1.0,0.0,1.0,1.0
2024-06-26,16,0.921,0.079,0.0,0.0,3.0,2.0,0.0,0.0
2024-06-26,17,0.882,0.039,0.079,0.0,3.0,1.0,1.0,0.0
2024-06-26,18,0.37,0.0,0.079,0.551,3.0,0.0,2.0,1.0
2024-06-26,19,0.003,0.0,0.236,0.761,1.0,0.0,1.0,1.0
2024-06-26,20,0.0,0.0,0.63,0.37,0.0,0.0,1.0,2.0
2024-06-26,21,0.597,0.039,0.118,0.246,2.0,1.0,1.0,1.0
2024-06-26,22,0.151,0.0,0.0,0.849,1.0,0.0,0.0,1.0
2024-06-26,23,0.0,0.0,0.669,0.331,0.0,0.0,2.0,2.0
2024-06-27,0,0.0,0.0,0.567,0.433,0.0,0.0,1.0,1.0
2024-06-27,1,0.0,0.0,1.0,0.0,0.0,0.0,1.0,0.0
2024-06-27,2,0.128,0.0,0.243,0.63,1.0,0.0,2.0,1.0
2024-06-27,3,0.344,0.0,0.315,0.341,1.0,0.0,1.0,1.0
2024-06-27,4,0.197,0.0,0.397,0.407,2.0,0.0,4.0,2.0
2024-06-27,5,0.0,0.0,0.626,0.374,0.0,0.0,1.0,1.0
2024-06-27,6,0.548,0.0,0.315,0.138,1.0,0.0,1.0,1.0
2024-06-27,7,0.921,0.079,0.0,0.0,3.0,2.0,0.0,0.0
2024-06-27,8,0.921,0.039,0.039,0.0,4.0,1.0,1.0,0.0
2024-06-27,9,0.482,0.0,0.007,0.511,2.0,0.0,1.0,1.0
2024-06-27,10,0.0,0.0,0.252,0.748,0.0,0.0,2.0,1.0
2024-06-27,11,0.905,0.039,0.056,0.0,3.0,1.0,2.0,0.0
2024-06-27,12,0.984,0.016,0.0,0.0,1.0,1.0,0.0,0.0
2024-06-27,13,0.708,0.023,0.151,0.118,3.0,1.0,1.0,1.0
2024-06-27,14,0.157,0.0,0.292,0.551,1.0,0.0,3.0,1.0
2024-06-27,15,0.0,0.0,0.685,0.315,0.0,0.0,2.0,1.0
2024-06-27,16,0.869,0.0,0.131,0.0,1.0,0.0,1.0,0.0
2024-06-27,17,0.921,0.079,0.0,0.0,2.0,1.0,0.0,0.0
2024-06-27,18,0.177,0.0,0.354,0.469,2.0,0.0,2.0,1.0
2024-06-27,19,0.275,0.0,0.472,0.252,2.0,0.0,3.0,2.0
2024-06-27,20,0.0,0.0,0.541,0.459,0.0,0.0,1.0,1.0
2024-06-27,21,0.0,0.0,0.757,0.243,0.0,0.0,1.0,1.0
2024-06-27,22,0.197,0.0,0.472,0.331,1.0,0.0,1.0,2.0
2024-06-27,23,0.0,0.0,0.354,0.646,0.0,0.0,1.0,2.0
2024-06-28,0,0.0,0.0,0.905,0.095,0.0,0.0,1.0,1.0
2024-06-28,1,0.0,0.0,0.466,0.534,0.0,0.0,1.0,1.0
2024-06-28,2,0.0,0.0,1.0,0.0,0.0,0.0,1.0,0.0
2024-06-28,3,0.0,0.0,0.37,0.63,0.0,0.0,2.0,1.0
2024-06-28,4,0.157,0.0,0.843,0.0,2.0,0.0,3.0,0.0
2024-06-28,5,0.0,0.0,0.292,0.708,0.0,0.0,2.0,1.0
2024-06-28,6,0.154,0.0,0.846,0.0,1.0,0.0,1.0,0.0
2024-06-28,7,1.0,0.0,0.0,0.0,1.0,0.0,0.0,0.0
2024-06-28,8,1.0,0.0,0.0,0.0,1.0,0.0,0.0,0.0
2024-06-28,9,0.443,0.0,0.0,0.557,1.0,0.0,0.0,1.0
2024-06-28,10,0.866,0.039,0.023,0.072,2.0,1.0,1.0,1.0
2024-06-28,11,0.0,0.0,0.41,0.59,0.0,0.0,2.0,1.0
2024-06-28,12,0.118,0.0,0.669,0.213,1.0,0.0,2.0,1.0
2024-06-28,13,0.157,0.0,0.623,0.22,2.0,0.0,2.0,1.0
2024-06-28,14,0.128,0.0,0.754,0.118,1.0,0.0,1.0,1.0
2024-06-28,15,1.0,0.0,0.0,0.0,1.0,0.0,0.0,0.0
2024-06-28,16,1.0,0.0,0.0,0.0,1.0,0.0,0.0,0.0
2024-06-28,17,0.902,0.039,0.02,0.039,2.0,1.0,1.0,1.0
2024-06-28,18,0.154,0.0,0.138,0.708,1.0,0.0,3.0,2.0
2024-06-28,19,0.318,0.0,0.485,0.197,2.0,0.0,3.0,1.0
2024-06-28,20,0.0,0.0,0.331,0.669,0.0,0.0,2.0,1.0
2024-06-28,21,0.0,0.0,0.521,0.479,0.0,0.0,1.0,1.0
2024-06-28,22,0.0,0.0,0.826,0.174,0.0,0.0,1.0,2.0
2024-06-28,23,0.0,0.0,0.472,0.528,0.0,0.0,2.0,1.0
2024-06-29,0,0.016,0.0,0.393,0.59,1.0,0.0,2.0,1.0
2024-06-29,1,1.0,0.0,0.0,0.0,1.0,0.0,0.0,0.0
2024-06-29,2,0.518,0.079,0.079,0.325,2.0,1.0,1.0,1.0
2024-06-29,3,0.0,0.0,0.695,0.305,0.0,0.0,1.0,1.0
2024-06-29,4,0.079,0.0,0.41,0.511,1.0,0.0,2.0,1.0
2024-06-29,5,0.079,0.0,0.587,0.334,1.0,0.0,2.0,1.0
2024-06-29,6,0.0,0.0,0.862,0.138,0.0,0.0,1.0,1.0
2024-06-29,7,0.17,0.0,0.79,0.039,1.0,0.0,2.0,1.0
2024-06-29,8,0.921,0.0,0.079,0.0,2.0,0.0,1.0,0.0
2024-06-29,9,0.915,0.0,0.085,0.0,2.0,0.0,2.0,0.0
2024-06-29,10,0.456,0.118,0.426,0.0,3.0,1.0,3.0,0.0
2024-06-29,11,0.292,0.0,0.354,0.354,2.0,0.0,3.0,1.0
2024-06-29,12,0.0,0.0,0.59,0.41,0.0,0.0,1.0,1.0
2024-06-29,13,0.433,0.0,0.544,0.023,1.0,0.0,2.0,1.0
2024-06-29,14,0.0,0.0,0.489,0.511,0.0,0.0,2.0,1.0
2024-06-29,15,0.066,0.0,0.541,0.393,1.0,0.0,3.0,2.0
2024-06-29,16,1.0,0.0,0.0,0.0,1.0,0.0,0.0,0.0
2024-06-29,17,0.921,0.0,0.079,0.0,2.0,0.0,1.0,0.0
2024-06-29,18,0.098,0.354,0.118,0.43,1.0,1.0,1.0,1.0
2024-06-29,19,0.0,0.0,0.485,0.515,0.0,0.0,1.0,1.0
2024-06-29,20,0.0,0.0,0.262,0.738,0.0,0.0,1.0,1.0
2024-06-29,21,0.0,0.0,0.59,0.41,0.0,0.0,1.0,2.0
2024-06-29,22,0.039,0.0,0.472,0.489,1.0,0.0,1.0,2.0
2024-06-29,23,0.0,0.0,0.59,0.41,0.0,0.0,2.0,1.0
2024-06-30,0,0.0,0.0,0.37,0.63,0.0,0.0,2.0,1.0
2024-06-30,1,0.308,0.0,0.692,0.0,2.0,0.0,2.0,0.0
2024-06-30,2,0.164,0.0,0.167,0.669,1.0,0.0,2.0,1.0
2024-06-30,3,0.0,0.0,0.856,0.144,0.0,0.0,1.0,1.0
2024-06-30,4,0.197,0.0,0.318,0.485,2.0,0.0,2.0,2.0
2024-06-30,5,0.0,0.0,0.587,0.413,0.0,0.0,1.0,1.0
2024-06-30,6,0.193,0.0,0.708,0.098,1.0,0.0,1.0,1.0
2024-06-30,7,0.921,0.0,0.079,0.0,2.0,0.0,1.0,0.0
2024-06-30,8,0.764,0.0,0.236,0.0,3.0,0.0,2.0,0.0
2024-06-30,9,0.089,0.715,0.118,0.079,2.0,2.0,2.0,1.0
2024-06-30,10,0.236,0.449,0.236,0.079,1.0,2.0,1.0,1.0
2024-06-30,11,0.0,0.961,0.039,0.0,0.0,2.0,1.0,0.0
2024-06-30,12,0.0,0.157,0.41,0.433,0.0,1.0,2.0,1.0
2024-06-30,13,0.072,0.0,0.534,0.393,1.0,0.0,2.0,1.0
2024-06-30,14,0.243,0.0,0.403,0.354,2.0,0.0,2.0,1.0
2024-06-30,15,0.0,0.0,0.528,0.472,0.0,0.0,2.0,1.0
2024-06-30,16,0.869,0.0,0.131,0.0,1.0,0.0,1.0,0.0
2024-06-30,17,0.921,0.079,0.0,0.0,3.0,2.0,0.0,0.0
2024-06-30,18,0.843,0.157,0.0,0.0,3.0,2.0,0.0,0.0
2024-06-30,19,0.121,0.0,0.079,0.8,2.0,0.0,1.0,2.0
2024-06-30,20,0.0,0.0,0.777,0.223,0.0,0.0,1.0,1.0
2024-06-30,21,0.0,0.0,0.449,0.551,0.0,0.0,2.0,1.0
2024-06-30,22,0.079,0.0,0.489,0.433,1.0,0.0,2.0,1.0
2024-06-30,23,0.0,0.0,0.489,0.511,0.0,0.0,2.0,1.0
2024-07-02,0,0.0,0.0,0.961,0.039,0.0,0.0,1.0,1.0
2024-07-02,1,0.0,0.0,0.489,0.511,0.0,0.0,2.0,1.0
2024-07-02,2,0.0,0.0,0.528,0.472,0.0,0.0,2.0,1.0
2024-07-02,3,0.0,0.0,0.738,0.262,0.0,0.0,1.0,1.0
2024-07-02,4,0.157,0.0,0.554,0.289,1.0,0.0,2.0,1.0
2024-07-02,5,0.0,0.0,0.744,0.256,0.0,0.0,2.0,2.0
2024-07-02,6,0.036,0.0,0.63,0.334,1.0,0.0,1.0,1.0
2024-07-02,7,1.0,0.0,0.0,0.0,1.0,0.0,0.0,0.0
2024-07-02,8,0.262,0.079,0.354,0.305,2.0,1.0,1.0,1.0
2024-07-02,9,0.0,0.0,0.708,0.292,0.0,0.0,1.0,2.0
2024-07-02,10,0.613,0.0,0.0,0.387,1.0,0.0,0.0,1.0
2024-07-02,11,0.961,0.0,0.039,0.0,2.0,0.0,1.0,0.0
2024-07-02,12,0.079,0.0,0.079,0.843,1.0,0.0,1.0,1.0
2024-07-02,13,0.82,0.039,0.039,0.102,4.0,1.0,1.0,2.0
2024-07-02,14,0.085,0.0,0.875,0.039,2.0,0.0,2.0,1.0
2024-07-02,15,0.38,0.0,0.62,0.0,1.0,0.0,1.0,0.0
2024-07-02,16,1.0,0.0,0.0,0.0,2.0,0.0,0.0,0.0
2024-07-02,17,0.961,0.0,0.039,0.0,2.0,0.0,1.0,0.0
2024-07-02,18,1.0,0.0,0.0,0.0,1.0,0.0,0.0,0.0
2024-07-02,19,0.239,0.039,0.407,0.315,1.0,1.0,2.0,1.0
2024-07-02,20,0.0,0.0,0.774,0.226,0.0,0.0,1.0,1.0
2024-07-02,21,0.0,0.0,0.675,0.325,0.0,0.0,1.0,1.0
2024-07-02,22,0.236,0.0,0.331,0.433,1.0,0.0,3.0,1.0
2024-07-02,23,0.079,0.0,0.331,0.59,1.0,0.0,3.0,2.0
2024-07-04,0,0.0,0.0,0.37,0.63,0.0,0.0,2.0,1.0
2024-07-04,1,0.0,0.0,1.0,0.0,0.0,0.0,1.0,0.0
2024-07-04,2,0.0,0.0,0.292,0.708,0.0,0.0,2.0,1.0
2024-07-04,3,0.0,0.0,1.0,0.0,0.0,0.0,1.0,0.0
2024-07-04,4,0.0,0.0,0.567,0.433,0.0,0.0,2.0,1.0
2024-07-04,5,0.197,0.0,0.725,0.079,1.0,0.0,3.0,1.0
2024-07-04,6,0.0,0.0,0.925,0.075,0.0,0.0,1.0,1.0
2024-07-04,7,0.839,0.0,0.118,0.043,1.0,0.0,1.0,1.0
2024-07-04,8,1.0,0.0,0.0,0.0,1.0,0.0,0.0,0.0
2024-07-04,9,0.482,0.0,0.518,0.0,2.0,0.0,2.0,0.0
2024-07-04,10,0.377,0.0,0.308,0.315,1.0,0.0,1.0,1.0
2024-07-04,11,0.961,0.039,0.0,0.0,2.0,1.0,0.0,0.0
2024-07-04,12,0.669,0.0,0.331,0.0,2.0,0.0,2.0,0.0
2024-07-04,13,0.197,0.275,0.449,0.079,2.0,1.0,4.0,1.0
2024-07-04,14,0.0,0.0,0.321,0.679,0.0,0.0,1.0,1.0
2024-07-04,15,0.302,0.0,0.669,0.03,1.0,0.0,1.0,1.0
2024-07-04,16,0.725,0.0,0.236,0.039,3.0,0.0,2.0,1.0
2024-07-04,17,0.646,0.039,0.157,0.157,3.0,1.0,1.0,1.0
2024-07-04,18,0.689,0.0,0.157,0.154,1.0,0.0,1.0,1.0
2024-07-04,19,0.039,0.0,0.446,0.515,1.0,0.0,1.0,1.0
2024-07-04,20,0.0,0.0,0.498,0.502,0.0,0.0,1.0,1.0
2024-07-04,21,0.0,0.0,0.911,0.089,0.0,0.0,1.0,1.0
2024-07-04,22,0.0,0.0,0.213,0.787,0.0,0.0,2.0,1.0
2024-07-04,23,0.157,0.0,0.843,0.0,1.0,0.0,2.0,0.0
2024-07-05,0,0.0,0.0,0.646,0.354,0.0,0.0,1.0,1.0
2024-07-05,1,0.0,0.0,0.489,0.511,0.0,0.0,2.0,1.0
2024-07-05,2,0.039,0.0,0.793,0.167,1.0,0.0,2.0,1.0
2024-07-05,3,0.0,0.0,0.616,0.384,0.0,0.0,1.0,1.0
2024-07-05,4,0.0,0.0,0.839,0.161,0.0,0.0,1.0,1.0
2024-07-05,5,0.118,0.0,0.649,0.233,1.0,0.0,2.0,1.0
2024-07-05,6,0.0,0.0,0.803,0.197,0.0,0.0,2.0,1.0
2024-07-05,7,0.918,0.0,0.082,0.0,1.0,0.0,1.0,0.0
2024-07-05,8,1.0,0.0,0.0,0.0,1.0,0.0,0.0,0.0
2024-07-05,9,0.049,0.0,0.203,0.748,1.0,0.0,1.0,1.0
2024-07-05,10,0.0,0.0,0.78,0.22,0.0,0.0,1.0,1.0
2024-07-05,11,0.079,0.0,0.669,0.252,1.0,0.0,1.0,1.0
2024-07-05,12,0.37,0.0,0.157,0.472,1.0,0.0,1.0,1.0
2024-07-05,13,0.77,0.039,0.19,0.0,2.0,1.0,1.0,0.0
2024-07-05,14,0.197,0.0,0.4,0.403,1.0,0.0,2.0,1.0
2024-07-05,15,0.105,0.0,0.866,0.03,2.0,0.0,2.0,1.0
2024-07-05,16,0.921,0.079,0.0,0.0,2.0,1.0,0.0,0.0
2024-07-05,17,0.961,0.0,0.039,0.0,2.0,0.0,1.0,0.0
2024-07-05,18,0.843,0.0,0.157,0.0,3.0,0.0,2.0,0.0
2024-07-05,19,0.567,0.0,0.393,0.039,2.0,0.0,1.0,1.0
2024-07-05,20,0.459,0.0,0.393,0.148,1.0,0.0,1.0,1.0
2024-07-05,21,0.0,0.0,0.439,0.561,0.0,0.0,1.0,1.0
2024-07-05,22,0.157,0.0,0.41,0.433,1.0,0.0,3.0,1.0
2024-07-05,23,0.708,0.0,0.056,0.236,1.0,0.0,1.0,2.0
2024-07-07,0,0.0,0.0,0.528,0.472,0.0,0.0,2.0,1.0
2024-07-07,1,0.0,0.0,1.0,0.0,0.0,0.0,1.0,0.0
2024-07-07,2,0.0,0.0,0.528,0.472,0.0,0.0,2.0,1.0
2024-07-07,3,0.0,0.0,0.974,0.026,0.0,0.0,1.0,1.0
2024-07-07,4,0.0,0.0,0.593,0.407,0.0,0.0,1.0,1.0
2024-07-07,5,0.157,0.0,0.489,0.354,1.0,0.0,3.0,1.0
2024-07-07,6,0.0,0.0,0.646,0.354,0.0,0.0,2.0,1.0
2024-07-07,7,0.603,0.0,0.397,0.0,1.0,0.0,1.0,0.0
2024-07-07,8,1.0,0.0,0.0,0.0,1.0,0.0,0.0,0.0
2024-07-07,9,0.961,0.039,0.0,0.0,2.0,1.0,0.0,0.0
2024-07-07,10,0.151,0.0,0.236,0.613,1.0,0.0,1.0,1.0
2024-07-07,11,0.0,0.0,0.433,0.567,0.0,0.0,1.0,1.0
2024-07-07,12,0.748,0.0,0.252,0.0,1.0,0.0,2.0,0.0
2024-07-07,13,0.197,0.0,0.292,0.511,1.0,0.0,3.0,1.0
2024-07-07,14,0.0,0.0,0.597,0.403,0.0,0.0,1.0,1.0
2024-07-07,15,0.616,0.0,0.079,0.305,1.0,0.0,1.0,1.0
2024-07-07,16,1.0,0.0,0.0,0.0,1.0,0.0,0.0,0.0
2024-07-07,17,0.921,0.0,0.0,0.079,2.0,0.0,0.0,1.0
2024-07-07,18,0.885,0.0,0.115,0.0,1.0,0.0,1.0,0.0
2024-07-07,19,0.0,0.0,0.397,0.603,0.0,0.0,2.0,2.0
2024-07-07,20,0.039,0.0,0.59,0.37,1.0,0.0,2.0,2.0
2024-07-07,21,0.0,0.0,0.636,0.364,0.0,0.0,1.0,1.0
2024-07-07,22,0.0,0.0,0.449,0.551,0.0,0.0,2.0,1.0
2024-07-07,23,0.0,0.0,0.489,0.511,0.0,0.0,3.0,1.0
2024-07-08,0,0.095,0.0,0.63,0.275,1.0,0.0,1.0,1.0
2024-07-08,1,0.22,0.0,0.354,0.426,1.0,0.0,1.0,1.0
2024-07-08,2,0.0,0.0,0.875,0.125,0.0,0.0,1.0,1.0
2024-07-08,3,0.0,0.0,0.489,0.511,0.0,0.0,2.0,1.0
2024-07-08,4,0.079,0.0,0.921,0.0,1.0,0.0,2.0,0.0
2024-07-08,5,0.0,0.0,0.548,0.452,0.0,0.0,1.0,1.0
2024-07-08,6,0.0,0.0,0.862,0.138,0.0,0.0,1.0,1.0
2024-07-08,7,0.997,0.0,0.003,0.0,1.0,0.0,1.0,0.0
2024-07-08,8,0.892,0.108,0.0,0.0,2.0,2.0,0.0,0.0
2024-07-08,9,0.866,0.128,0.007,0.0,2.0,2.0,1.0,0.0
2024-07-08,10,0.377,0.0,0.23,0.393,1.0,0.0,1.0,1.0
2024-07-08,11,0.489,0.0,0.315,0.197,2.0,0.0,2.0,1.0
2024-07-08,12,0.0,0.275,0.236,0.489,0.0,1.0,2.0,2.0
2024-07-08,13,0.157,0.0,0.544,0.298,1.0,0.0,2.0,1.0
2024-07-08,14,0.275,0.0,0.725,0.0,3.0,0.0,4.0,0.0
2024-07-08,15,0.0,0.0,0.449,0.551,0.0,0.0,2.0,1.0
2024-07-08,16,0.869,0.0,0.131,0.0,1.0,0.0,1.0,0.0
2024-07-08,17,1.0,0.0,0.0,0.0,1.0,0.0,0.0,0.0
2024-07-08,18,0.964,0.0,0.036,0.0,1.0,0.0,1.0,0.0
2024-07-08,19,0.0,0.0,0.082,0.918,0.0,0.0,1.0,1.0
2024-07-08,20,0.0,0.0,0.226,0.774,0.0,0.0,1.0,1.0
2024-07-08,21,0.0,0.0,0.954,0.046,0.0,0.0,1.0,1.0
2024-07-08,22,0.0,0.0,0.338,0.662,0.0,0.0,1.0,1.0
2024-07-08,23,0.0,0.0,0.882,0.118,0.0,0.0,2.0,1.0
2024-07-10,0,0.0,0.0,0.354,0.646,0.0,0.0,1.0,1.0
2024-07-10,1,0.079,0.0,0.82,0.102,1.0,0.0,2.0,1.0
2024-07-10,2,0.0,0.0,0.292,0.708,0.0,0.0,2.0,1.0
2024-07-10,3,0.039,0.0,0.816,0.144,1.0,0.0,2.0,1.0
2024-07-10,4,0.197,0.0,0.397,0.407,2.0,0.0,2.0,1.0
2024-07-10,5,0.0,0.0,0.41,0.59,0.0,0.0,2.0,1.0
2024-07-10,6,0.039,0.075,0.885,0.0,1.0,1.0,2.0,0.0
2024-07-10,7,0.957,0.043,0.0,0.0,1.0,1.0,0.0,0.0
2024-07-10,8,0.803,0.0,0.197,0.0,2.0,0.0,1.0,0.0
2024-07-10,9,0.01,0.0,0.826,0.164,1.0,0.0,1.0,1.0
2024-07-10,10,0.433,0.0,0.534,0.033,3.0,0.0,3.0,1.0
2024-07-10,11,0.354,0.0,0.646,0.0,3.0,0.0,3.0,0.0
2024-07-10,12,0.393,0.0,0.118,0.489,2.0,0.0,2.0,1.0
2024-07-10,13,0.472,0.0,0.308,0.22,2.0,0.0,2.0,1.0
2024-07-10,14,0.393,0.0,0.607,0.0,1.0,0.0,2.0,0.0
2024-07-10,15,0.42,0.079,0.344,0.157,4.0,1.0,3.0,1.0
2024-07-10,16,1.0,0.0,0.0,0.0,1.0,0.0,0.0,0.0
2024-07-10,17,0.843,0.0,0.157,0.0,2.0,0.0,1.0,0.0
2024-07-10,18,0.728,0.0,0.272,0.0,2.0,0.0,2.0,0.0
2024-07-10,19,0.0,0.0,0.607,0.393,0.0,0.0,2.0,1.0
2024-07-10,20,0.0,0.0,0.646,0.354,0.0,0.0,2.0,1.0
2024-07-10,21,0.0,0.0,0.403,0.597,0.0,0.0,1.0,1.0
2024-07-10,22,0.0,0.0,0.63,0.37,0.0,0.0,1.0,2.0
2024-07-10,23,0.0,0.0,0.669,0.331,0.0,0.0,2.0,1.0
2024-07-12,0,0.197,0.0,0.59,0.213,2.0,0.0,3.0,2.0
2024-07-12,1,0.0,0.0,0.662,0.338,0.0,0.0,1.0,1.0
2024-07-12,2,0.0,0.0,0.164,0.836,0.0,0.0,1.0,1.0
2024-07-12,3,0.0,0.0,0.97,0.03,0.0,0.0,1.0,1.0
2024-07-12,4,0.0,0.0,0.17,0.83,0.0,0.0,1.0,1.0
2024-07-12,5,0.0,0.0,0.649,0.351,0.0,0.0,1.0,1.0
2024-07-12,6,0.393,0.0,0.607,0.0,1.0,0.0,2.0,0.0
2024-07-12,7,0.879,0.0,0.121,0.0,2.0,0.0,2.0,0.0
2024-07-12,8,0.449,0.0,0.551,0.0,4.0,0.0,3.0,0.0
2024-07-12,9,1.0,0.0,0.0,0.0,1.0,0.0,0.0,0.0
2024-07-12,10,1.0,0.0,0.0,0.0,1.0,0.0,0.0,0.0
2024-07-12,11,0.489,0.079,0.118,0.315,1.0,1.0,2.0,2.0
2024-07-12,12,0.37,0.0,0.315,0.315,2.0,0.0,2.0,1.0
2024-07-12,13,0.18,0.0,0.19,0.63,1.0,0.0,2.0,1.0
2024-07-12,14,0.403,0.0,0.282,0.315,2.0,0.0,2.0,1.0
2024-07-12,15,1.0,0.0,0.0,0.0,1.0,0.0,0.0,0.0
2024-07-12,16,0.567,0.0,0.079,0.354,3.0,0.0,1.0,1.0
2024-07-12,17,0.961,0.0,0.039,0.0,2.0,0.0,1.0,0.0
2024-07-12,18,0.689,0.0,0.079,0.233,1.0,0.0,1.0,1.0
2024-07-12,19,0.0,0.0,0.407,0.593,0.0,0.0,1.0,1.0
2024-07-12,20,0.0,0.0,0.174,0.826,0.0,0.0,2.0,1.0
2024-07-12,21,0.0,0.0,0.521,0.479,0.0,0.0,1.0,1.0
2024-07-12,22,0.0,0.0,0.59,0.41,0.0,0.0,1.0,2.0
2024-07-12,23,0.0,0.0,0.63,0.37,0.0,0.0,1.0,2.0
2024-07-13,0,0.0,0.0,0.646,0.354,0.0,0.0,1.0,1.0
2024-07-13,1,0.0,0.0,0.574,0.426,0.0,0.0,1.0,1.0
2024-07-13,2,0.0,0.0,0.639,0.361,0.0,0.0,1.0,1.0
2024-07-13,3,0.0,0.0,0.58,0.42,0.0,0.0,1.0,1.0
2024-07-13,4,0.0,0.0,0.436,0.564,0.0,0.0,1.0,1.0
2024-07-13,5,0.0,0.0,1.0,0.0,0.0,0.0,1.0,0.0
2024-07-13,6,0.393,0.0,0.607,0.0,1.0,0.0,2.0,0.0
2024-07-13,7,0.708,0.0,0.292,0.0,3.0,0.0,4.0,0.0
2024-07-13,8,0.0,0.0,0.449,0.551,0.0,0.0,4.0,3.0
2024-07-13,9,0.518,0.0,0.482,0.0,1.0,0.0,1.0,0.0
2024-07-13,10,1.0,0.0,0.0,0.0,1.0,0.0,0.0,0.0
2024-07-13,11,0.567,0.0,0.275,0.157,2.0,0.0,2.0,1.0
2024-07-13,12,0.725,0.0,0.0,0.275,1.0,0.0,0.0,1.0
2024-07-13,13,0.298,0.0,0.275,0.426,1.0,0.0,1.0,1.0
2024-07-13,14,0.167,0.0,0.63,0.203,1.0,0.0,1.0,1.0
2024-07-13,15,1.0,0.0,0.0,0.0,1.0,0.0,0.0,0.0
2024-07-13,16,1.0,0.0,0.0,0.0,1.0,0.0,0.0,0.0
2024-07-13,17,1.0,0.0,0.0,0.0,1.0,0.0,0.0,0.0
2024-07-13,18,0.216,0.548,0.236,0.0,1.0,3.0,2.0,0.0
2024-07-13,19,0.433,0.567,0.0,0.0,1.0,2.0,0.0,0.0
2024-07-13,20,0.59,0.144,0.079,0.187,4.0,3.0,1.0,1.0
2024-07-13,21,0.754,0.0,0.0,0.246,2.0,0.0,0.0,2.0
2024-07-13,22,0.528,0.0,0.0,0.472,2.0,0.0,0.0,1.0
2024-07-13,23,0.174,0.0,0.197,0.63,1.0,0.0,2.0,3.0
2024-07-14,0,0.016,0.0,0.472,0.511,1.0,0.0,1.0,2.0
2024-07-14,1,0.338,0.0,0.118,0.544,1.0,0.0,1.0,1.0
2024-07-14,2,0.0,0.0,0.59,0.41,0.0,0.0,1.0,2.0
2024-07-14,3,0.0,0.0,0.066,0.934,0.0,0.0,1.0,1.0
2024-07-14,4,0.0,0.0,0.564,0.436,0.0,0.0,1.0,1.0
2024-07-14,5,0.0,0.0,0.689,0.311,0.0,0.0,1.0,1.0
2024-07-14,6,0.469,0.0,0.295,0.236,2.0,0.0,2.0,1.0
2024-07-14,7,1.0,0.0,0.0,0.0,1.0,0.0,0.0,0.0
2024-07-14,8,0.223,0.118,0.384,0.275,1.0,1.0,2.0,1.0
2024-07-14,9,0.275,0.0,0.725,0.0,1.0,0.0,2.0,0.0
2024-07-14,10,0.433,0.0,0.269,0.298,1.0,0.0,2.0,2.0
2024-07-14,11,0.787,0.0,0.0,0.213,2.0,0.0,0.0,2.0
2024-07-14,12,0.252,0.0,0.354,0.393,3.0,0.0,2.0,1.0
2024-07-14,13,0.843,0.0,0.157,0.0,3.0,0.0,2.0,0.0
2024-07-14,14,0.4,0.0,0.157,0.443,1.0,0.0,1.0,1.0
2024-07-14,15,0.459,0.0,0.275,0.266,1.0,0.0,1.0,1.0
2024-07-14,16,0.843,0.0,0.157,0.0,3.0,0.0,2.0,0.0
2024-07-14,17,0.961,0.039,0.0,0.0,2.0,1.0,0.0,0.0
2024-07-14,18,0.728,0.0,0.236,0.036,2.0,0.0,2.0,1.0
2024-07-14,19,0.0,0.0,0.21,0.79,0.0,0.0,1.0,1.0
2024-07-14,20,0.0,0.0,0.695,0.305,0.0,0.0,1.0,1.0
2024-07-14,21,0.0,0.0,0.708,0.292,0.0,0.0,1.0,2.0
2024-07-14,22,0.0,0.0,0.079,0.921,0.0,0.0,1.0,2.0
2024-07-14,23,0.0,0.0,0.748,0.252,0.0,0.0,1.0,2.0
2024-07-15,0,0.0,0.0,1.0,0.0,0.0,0.0,1.0,0.0
2024-07-15,1,0.0,0.0,0.764,0.236,0.0,0.0,2.0,1.0
2024-07-15,2,0.0,0.0,0.37,0.63,0.0,0.0,2.0,1.0
2024-07-15,3,0.0,0.0,1.0,0.0,0.0,0.0,1.0,0.0
2024-07-15,4,0.0,0.0,0.449,0.551,0.0,0.0,2.0,1.0
2024-07-15,5,0.0,0.0,1.0,0.0,0.0,0.0,1.0,0.0
2024-07-15,6,0.43,0.0,0.57,0.0,1.0,0.0,1.0,0.0
2024-07-15,7,0.554,0.0,0.446,0.0,2.0,0.0,2.0,0.0
2024-07-15,8,0.393,0.0,0.37,0.236,2.0,0.0,3.0,1.0
2024-07-15,9,0.951,0.0,0.049,0.0,2.0,0.0,2.0,0.0
2024-07-15,10,0.702,0.0,0.079,0.22,1.0,0.0,1.0,1.0
2024-07-15,11,0.787,0.0,0.0,0.213,1.0,0.0,0.0,1.0
2024-07-15,12,0.489,0.0,0.511,0.0,2.0,0.0,1.0,0.0
2024-07-15,13,0.961,0.0,0.039,0.0,2.0,0.0,1.0,0.0
2024-07-15,14,0.528,0.472,0.0,0.0,3.0,2.0,0.0,0.0
2024-07-15,15,0.41,0.315,0.118,0.157,3.0,1.0,1.0,1.0
2024-07-15,16,0.331,0.0,0.236,0.433,3.0,0.0,2.0,1.0
2024-07-15,17,0.154,0.0,0.413,0.433,1.0,0.0,2.0,1.0
2024-07-15,18,0.354,0.0,0.646,0.0,3.0,0.0,4.0,0.0
2024-07-15,19,0.039,0.0,0.515,0.446,1.0,0.0,3.0,2.0
2024-07-15,20,0.0,0.0,0.541,0.459,0.0,0.0,1.0,1.0
2024-07-15,21,0.0,0.0,0.364,0.636,0.0,0.0,1.0,1.0
2024-07-15,22,0.0,0.0,0.826,0.174,0.0,0.0,1.0,2.0
2024-07-15,23,0.0,0.0,0.551,0.449,0.0,0.0,2.0,1.0
2024-07-16,0,0.0,0.0,0.331,0.669,0.0,0.0,2.0,1.0
2024-07-16,1,0.0,0.0,0.849,0.151,0.0,0.0,1.0,1.0
2024-07-16,2,0.039,0.0,0.6,0.361,1.0,0.0,2.0,1.0
2024-07-16,3,0.0,0.0,0.41,0.59,0.0,0.0,2.0,1.0
2024-07-16,4,0.0,0.0,0.525,0.475,0.0,0.0,1.0,1.0
2024-07-16,5,0.0,0.0,0.885,0.115,0.0,0.0,1.0,1.0
2024-07-16,6,0.039,0.0,0.725,0.236,1.0,0.0,3.0,1.0
2024-07-16,7,0.039,0.0,0.961,0.0,1.0,0.0,2.0,0.0
2024-07-16,8,0.305,0.0,0.695,0.0,4.0,0.0,4.0,0.0
2024-07-16,9,0.954,0.046,0.0,0.0,1.0,1.0,0.0,0.0
2024-07-16,10,0.613,0.387,0.0,0.0,2.0,2.0,0.0,0.0
2024-07-16,11,0.646,0.275,0.079,0.0,2.0,3.0,2.0,0.0
2024-07-16,12,0.0,0.157,0.449,0.393,0.0,1.0,3.0,1.0
2024-07-16,13,0.584,0.0,0.102,0.315,1.0,0.0,1.0,1.0
2024-07-16,14,0.99,0.0,0.01,0.0,1.0,0.0,1.0,0.0
2024-07-16,15,0.97,0.0,0.03,0.0,1.0,0.0,1.0,0.0
2024-07-16,16,0.682,0.0,0.197,0.121,1.0,0.0,1.0,1.0
2024-07-16,17,0.275,0.079,0.57,0.075,1.0,2.0,4.0,1.0
2024-07-16,18,0.118,0.0,0.492,0.39,1.0,0.0,3.0,2.0
2024-07-16,19,0.0,0.0,0.472,0.528,0.0,0.0,1.0,2.0
2024-07-16,20,0.0,0.0,0.669,0.331,0.0,0.0,1.0,2.0
2024-07-16,21,0.039,0.0,0.59,0.37,1.0,0.0,1.0,2.0
2024-07-16,22,0.0,0.0,0.338,0.662,0.0,0.0,1.0,1.0
2024-07-16,23,0.0,0.0,0.764,0.236,0.0,0.0,2.0,1.0
2024-07-17,0,0.0,0.0,0.669,0.331,0.0,0.0,1.0,1.0
2024-07-17,1,0.0,0.0,0.78,0.22,0.0,0.0,1.0,1.0
2024-07-17,2,0.0,0.0,0.449,0.551,0.0,0.0,3.0,2.0
2024-07-17,3,0.0,0.0,0.567,0.433,0.0,0.0,2.0,1.0
2024-07-17,4,0.0,0.0,0.685,0.315,0.0,0.0,2.0,1.0
2024-07-17,5,0.0,0.0,0.626,0.374,0.0,0.0,1.0,1.0
2024-07-17,6,0.0,0.0,0.784,0.216,0.0,0.0,1.0,1.0
2024-07-17,7,0.0,0.0,0.751,0.249,0.0,0.0,1.0,1.0
2024-07-17,8,0.895,0.0,0.079,0.026,1.0,0.0,1.0,1.0
2024-07-17,9,1.0,0.0,0.0,0.0,1.0,0.0,0.0,0.0
2024-07-17,10,0.725,0.236,0.039,0.0,2.0,2.0,1.0,0.0
2024-07-17,11,0.725,0.0,0.197,0.079,3.0,0.0,3.0,1.0
2024-07-17,12,0.252,0.0,0.275,0.472,1.0,0.0,1.0,1.0
2024-07-17,13,0.298,0.0,0.584,0.118,2.0,0.0,3.0,1.0
2024-07-17,14,0.59,0.01,0.321,0.079,2.0,1.0,2.0,2.0
2024-07-17,15,0.197,0.03,0.302,0.472,2.0,1.0,3.0,1.0
2024-07-17,16,0.357,0.0,0.407,0.236,2.0,0.0,3.0,1.0
2024-07-17,17,0.843,0.0,0.157,0.0,3.0,0.0,2.0,0.0
2024-07-17,18,0.685,0.0,0.315,0.0,3.0,0.0,2.0,0.0
2024-07-17,19,1.0,0.0,0.0,0.0,1.0,0.0,0.0,0.0
2024-07-17,20,0.105,0.669,0.157,0.069,1.0,1.0,1.0,1.0
2024-07-17,21,0.0,0.0,0.079,0.921,0.0,0.0,1.0,2.0
2024-07-17,22,0.0,0.0,0.613,0.387,0.0,0.0,1.0,1.0
2024-07-17,23,0.0,0.0,0.252,0.748,0.0,0.0,2.0,1.0
2024-07-18,0,0.764,0.0,0.236,0.0,1.0,0.0,1.0,0.0
2024-07-18,1,0.849,0.0,0.151,0.0,1.0,0.0,1.0,0.0
2024-07-18,2,0.0,0.0,0.361,0.639,0.0,0.0,2.0,2.0
2024-07-18,3,0.0,0.0,0.498,0.502,0.0,0.0,1.0,1.0
2024-07-18,4,0.0,0.0,0.013,0.987,0.0,0.0,1.0,1.0
2024-07-18,5,0.0,0.0,0.59,0.41,0.0,0.0,1.0,2.0
2024-07-18,6,0.393,0.0,0.154,0.452,1.0,0.0,2.0,1.0
2024-07-18,7,0.525,0.0,0.279,0.197,1.0,0.0,1.0,1.0
2024-07-18,8,0.37,0.0,0.551,0.079,3.0,0.0,2.0,1.0
2024-07-18,9,0.364,0.0,0.125,0.511,2.0,0.0,3.0,2.0
2024-07-18,10,0.259,0.0,0.623,0.118,1.0,0.0,1.0,1.0
2024-07-18,11,1.0,0.0,0.0,0.0,1.0,0.0,0.0,0.0
2024-07-18,12,1.0,0.0,0.0,0.0,1.0,0.0,0.0,0.0
2024-07-18,13,0.377,0.0,0.079,0.544,1.0,0.0,1.0,1.0
2024-07-18,14,0.0,0.0,0.207,0.793,0.0,0.0,1.0,1.0
2024-07-18,15,0.236,0.0,0.41,0.354,3.0,0.0,5.0,1.0
2024-07-18,16,0.121,0.0,0.446,0.433,2.0,0.0,2.0,1.0
2024-07-18,17,0.115,0.0,0.748,0.138,1.0,0.0,1.0,1.0
2024-07-18,18,0.0,0.0,0.587,0.413,0.0,0.0,1.0,1.0
2024-07-18,19,0.0,0.0,0.37,0.63,0.0,0.0,2.0,1.0
2024-07-18,20,0.0,0.0,1.0,0.0,0.0,0.0,1.0,0.0
2024-07-18,21,0.0,0.0,0.292,0.708,0.0,0.0,2.0,1.0
2024-07-18,22,0.0,0.0,1.0,0.0,0.0,0.0,1.0,0.0
2024-07-18,23,0.0,0.0,0.882,0.118,0.0,0.0,2.0,1.0
2024-07-19,0,0.0,0.0,0.944,0.056,0.0,0.0,1.0,1.0
2024-07-19,1,0.0,0.0,0.426,0.574,0.0,0.0,1.0,1.0
2024-07-19,2,0.0,0.0,1.0,0.0,0.0,0.0,1.0,0.0
2024-07-19,3,0.0,0.0,0.58,0.42,0.0,0.0,1.0,1.0
2024-07-19,4,0.0,0.0,0.869,0.131,0.0,0.0,1.0,1.0
2024-07-19,5,0.0,0.0,1.0,0.0,0.0,0.0,1.0,0.0
2024-07-19,6,0.0,0.0,0.728,0.272,0.0,0.0,2.0,2.0
2024-07-19,7,0.0,0.0,0.879,0.121,0.0,0.0,2.0,2.0
2024-07-19,8,0.895,0.0,0.105,0.0,1.0,0.0,1.0,0.0
2024-07-19,9,0.725,0.0,0.275,0.0,2.0,0.0,1.0,0.0
2024-07-19,10,0.961,0.0,0.039,0.0,2.0,0.0,1.0,0.0
2024-07-19,11,0.528,0.0,0.472,0.0,2.0,0.0,2.0,0.0
2024-07-19,12,0.748,0.0,0.252,0.0,1.0,0.0,2.0,0.0
2024-07-19,13,0.079,0.0,0.921,0.0,1.0,0.0,2.0,0.0
2024-07-19,14,0.197,0.0,0.803,0.0,1.0,0.0,2.0,0.0
2024-07-19,15,0.039,0.0,0.961,0.0,1.0,0.0,2.0,0.0
2024-07-19,16,0.118,0.0,0.764,0.118,2.0,0.0,2.0,2.0
2024-07-19,17,0.492,0.0,0.508,0.0,3.0,0.0,3.0,0.0
2024-07-19,18,0.531,0.0,0.469,0.0,5.0,0.0,5.0,0.0
2024-07-19,19,0.0,0.0,0.567,0.433,0.0,0.0,2.0,1.0
2024-07-19,20,0.0,0.0,0.538,0.462,0.0,0.0,1.0,1.0
2024-07-19,21,0.0,0.0,0.748,0.252,0.0,0.0,1.0,2.0
2024-07-19,22,0.0,0.0,0.495,0.505,0.0,0.0,1.0,1.0
2024-07-19,23,0.0,0.0,1.0,0.0,0.0,0.0,2.0,0.0
2024-07-20,0,0.0,0.0,0.433,0.567,0.0,0.0,1.0,1.0
2024-07-20,1,0.0,0.0,0.977,0.023,0.0,0.0,1.0,1.0
2024-07-20,2,0.0,0.0,0.754,0.246,0.0,0.0,1.0,1.0
2024-07-20,3,0.0,0.0,0.695,0.305,0.0,0.0,1.0,1.0
2024-07-20,4,0.0,0.0,0.607,0.393,0.0,0.0,2.0,1.0
2024-07-20,5,0.0,0.0,0.646,0.354,0.0,0.0,2.0,1.0
2024-07-20,6,0.0,0.0,1.0,0.0,0.0,0.0,1.0,0.0
2024-07-20,7,0.249,0.0,0.672,0.079,1.0,0.0,2.0,1.0
2024-07-20,8,1.0,0.0,0.0,0.0,1.0,0.0,0.0,0.0
2024-07-20,9,0.961,0.0,0.039,0.0,2.0,0.0,1.0,0.0
2024-07-20,10,0.961,0.0,0.039,0.0,2.0,0.0,1.0,0.0
2024-07-20,11,0.489,0.275,0.157,0.079,5.0,3.0,2.0,1.0
2024-07-20,12,0.275,0.0,0.354,0.37,1.0,0.0,1.0,2.0
2024-07-20,13,0.0,0.0,0.748,0.252,0.0,0.0,2.0,3.0
2024-07-20,14,0.0,0.0,0.403,0.597,0.0,0.0,2.0,2.0
2024-07-20,15,0.0,0.0,0.843,0.157,0.0,0.0,2.0,1.0
2024-07-20,16,0.079,0.0,0.921,0.0,1.0,0.0,2.0,0.0
2024-07-20,17,0.275,0.0,0.725,0.0,2.0,0.0,3.0,0.0
2024-07-20,18,0.039,0.0,0.607,0.354,1.0,0.0,3.0,1.0
2024-07-20,19,0.0,0.0,0.2,0.8,0.0,0.0,1.0,1.0
2024-07-20,20,0.0,0.0,0.777,0.223,0.0,0.0,1.0,1.0
2024-07-20,21,0.0,0.0,0.443,0.557,0.0,0.0,1.0,1.0
2024-07-20,22,0.157,0.0,0.77,0.072,1.0,0.0,2.0,1.0
2024-07-20,23,0.0,0.0,0.41,0.59,0.0,0.0,4.0,2.0
2024-07-21,0,0.0,0.0,1.0,0.0,0.0,0.0,1.0,0.0
2024-07-21,1,0.0,0.0,0.489,0.511,0.0,0.0,2.0,1.0
2024-07-21,2,0.0,0.0,1.0,0.0,0.0,0.0,1.0,0.0
2024-07-21,3,0.0,0.0,0.528,0.472,0.0,0.0,2.0,1.0
2024-07-21,4,0.0,0.0,1.0,0.0,0.0,0.0,1.0,0.0
2024-07-21,5,0.0,0.0,0.646,0.354,0.0,0.0,2.0,1.0
2024-07-21,6,0.0,0.0,1.0,0.0,0.0,0.0,1.0,0.0
2024-07-21,7,0.0,0.0,0.843,0.157,0.0,0.0,2.0,1.0
2024-07-21,8,0.187,0.0,0.734,0.079,1.0,0.0,2.0,1.0
2024-07-21,9,1.0,0.0,0.0,0.0,1.0,0.0,0.0,0.0
2024-07-21,10,1.0,0.0,0.0,0.0,1.0,0.0,0.0,0.0
2024-07-21,11,1.0,0.0,0.0,0.0,1.0,0.0,0.0,0.0
2024-07-21,12,0.433,0.0,0.252,0.315,1.0,0.0,2.0,1.0
2024-07-21,13,0.157,0.0,0.338,0.505,1.0,0.0,2.0,1.0
2024-07-21,14,0.0,0.0,0.63,0.37,0.0,0.0,1.0,2.0
2024-07-21,15,0.0,0.0,0.852,0.148,0.0,0.0,1.0,1.0
2024-07-21,16,0.0,0.0,0.646,0.354,0.0,0.0,2.0,1.0
2024-07-21,17,0.197,0.0,0.508,0.295,1.0,0.0,2.0,1.0
2024-07-21,18,0.0,0.0,0.98,0.02,0.0,0.0,1.0,1.0
2024-07-21,19,0.0,0.0,0.41,0.59,0.0,0.0,2.0,1.0
2024-07-21,20,0.0,0.0,0.813,0.187,0.0,0.0,1.0,1.0
2024-07-21,21,0.0,0.0,0.518,0.482,0.0,0.0,1.0,1.0
2024-07-21,22,0.0,0.0,0.685,0.315,0.0,0.0,2.0,1.0
2024-07-21,23,0.0,0.0,1.0,0.0,0.0,0.0,2.0,0.0
2024-07-22,0,0.079,0.0,0.331,0.59,1.0,0.0,3.0,1.0
2024-07-22,1,0.236,0.0,0.764,0.0,2.0,0.0,3.0,0.0
2024-07-22,2,0.0,0.0,0.528,0.472,0.0,0.0,2.0,1.0
2024-07-22,3,0.0,0.0,1.0,0.0,0.0,0.0,1.0,0.0
2024-07-22,4,0.0,0.0,0.528,0.472,0.0,0.0,2.0,1.0
2024-07-22,5,0.0,0.0,1.0,0.0,0.0,0.0,1.0,0.0
2024-07-22,6,0.0,0.0,0.685,0.315,0.0,0.0,2.0,1.0
2024-07-22,7,0.0,0.0,1.0,0.0,0.0,0.0,1.0,0.0
2024-07-22,8,0.502,0.039,0.42,0.039,1.0,1.0,1.0,1.0
2024-07-22,9,1.0,0.0,0.0,0.0,1.0,0.0,0.0,0.0
2024-07-22,10,1.0,0.0,0.0,0.0,1.0,0.0,0.0,0.0
2024-07-22,11,0.882,0.039,0.079,0.0,2.0,1.0,1.0,0.0
2024-07-22,12,0.275,0.0,0.197,0.528,2.0,0.0,2.0,1.0
2024-07-22,13,0.315,0.0,0.511,0.174,2.0,0.0,2.0,2.0
2024-07-22,14,0.551,0.0,0.207,0.243,2.0,0.0,2.0,1.0
2024-07-22,15,0.0,0.0,0.449,0.551,0.0,0.0,2.0,1.0
2024-07-22,16,0.0,0.0,0.567,0.433,0.0,0.0,2.0,1.0
2024-07-22,17,0.374,0.0,0.626,0.0,1.0,0.0,1.0,0.0
2024-07-22,18,0.964,0.0,0.036,0.0,1.0,0.0,1.0,0.0
2024-07-22,19,0.0,0.0,0.292,0.708,0.0,0.0,2.0,1.0
2024-07-22,20,0.0,0.0,0.459,0.541,0.0,0.0,1.0,1.0
2024-07-22,21,0.472,0.0,0.354,0.174,1.0,0.0,1.0,2.0
2024-07-22,22,0.0,0.0,0.338,0.662,0.0,0.0,1.0,1.0
2024-07-22,23,0.236,0.0,0.292,0.472,1.0,0.0,2.0,1.0
2024-07-24,0,0.0,0.0,0.905,0.095,0.0,0.0,1.0,1.0
2024-07-24,1,0.0,0.0,0.702,0.298,0.0,0.0,1.0,1.0
2024-07-24,2,0.0,0.0,0.557,0.443,0.0,0.0,1.0,1.0
2024-07-24,3,0.0,0.0,0.498,0.502,0.0,0.0,1.0,1.0
2024-07-24,4,0.0,0.0,1.0,0.0,0.0,0.0,1.0,0.0
2024-07-24,5,0.0,0.0,1.0,0.0,0.0,0.0,1.0,0.0
2024-07-24,6,0.0,0.0,0.728,0.272,0.0,0.0,1.0,1.0
2024-07-24,7,0.0,0.0,0.918,0.082,0.0,0.0,1.0,1.0
2024-07-24,8,0.777,0.079,0.144,0.0,2.0,1.0,1.0,0.0
2024-07-24,9,1.0,0.0,0.0,0.0,1.0,0.0,0.0,0.0
2024-07-24,10,1.0,0.0,0.0,0.0,1.0,0.0,0.0,0.0
2024-07-24,11,0.725,0.0,0.039,0.236,2.0,0.0,1.0,2.0
2024-07-24,12,0.826,0.118,0.0,0.056,2.0,1.0,0.0,1.0
2024-07-24,13,0.669,0.0,0.079,0.252,1.0,0.0,1.0,2.0
2024-07-24,14,0.561,0.0,0.0,0.439,1.0,0.0,0.0,1.0
2024-07-24,15,0.266,0.0,0.236,0.498,2.0,0.0,2.0,1.0
2024-07-24,16,0.275,0.0,0.433,0.292,1.0,0.0,1.0,2.0
2024-07-24,17,0.315,0.0,0.413,0.272,4.0,0.0,6.0,2.0
2024-07-24,18,0.079,0.0,0.334,0.587,1.0,0.0,2.0,1.0
2024-07-24,19,0.0,0.0,0.721,0.279,0.0,0.0,1.0,1.0
2024-07-24,20,0.0,0.0,0.292,0.708,0.0,0.0,2.0,1.0
2024-07-24,21,0.0,0.0,0.639,0.361,0.0,0.0,1.0,1.0
2024-07-24,22,0.0,0.0,0.652,0.348,0.0,0.0,1.0,1.0
2024-07-24,23,0.0,0.0,0.882,0.118,0.0,0.0,2.0,1.0
2024-07-25,0,0.528,0.0,0.0,0.472,1.0,0.0,0.0,1.0
2024-07-25,1,0.062,0.0,0.511,0.426,1.0,0.0,1.0,1.0
2024-07-25,2,0.0,0.0,0.905,0.095,0.0,0.0,1.0,2.0
2024-07-25,3,0.0,0.0,0.459,0.541,0.0,0.0,1.0,1.0
2024-07-25,4,0.0,0.0,0.682,0.318,0.0,0.0,1.0,1.0
2024-07-25,5,0.0,0.0,0.807,0.193,0.0,0.0,1.0,1.0
2024-07-25,6,0.039,0.0,0.767,0.193,1.0,0.0,3.0,2.0
2024-07-25,7,0.0,0.0,0.721,0.279,0.0,0.0,1.0,1.0
2024-07-25,8,0.0,0.0,1.0,0.0,0.0,0.0,1.0,0.0
2024-07-25,9,0.0,0.0,0.882,0.118,0.0,0.0,3.0,2.0
2024-07-25,10,0.928,0.0,0.072,0.0,1.0,0.0,1.0,0.0
2024-07-25,11,1.0,0.0,0.0,0.0,1.0,0.0,0.0,0.0
2024-07-25,12,1.0,0.0,0.0,0.0,1.0,0.0,0.0,0.0
2024-07-25,13,1.0,0.0,0.0,0.0,1.0,0.0,0.0,0.0
2024-07-25,14,0.007,0.993,0.0,0.0,1.0,1.0,0.0,0.0
2024-07-25,15,0.262,0.187,0.0,0.551,1.0,1.0,0.0,1.0
2024-07-25,16,1.0,0.0,0.0,0.0,1.0,0.0,0.0,0.0
2024-07-25,17,0.213,0.157,0.118,0.511,2.0,1.0,2.0,1.0
2024-07-25,18,0.413,0.0,0.079,0.508,2.0,0.0,2.0,2.0
2024-07-25,19,0.0,0.0,0.0,1.0,0.0,0.0,0.0,1.0
2024-07-25,20,0.0,0.0,0.59,0.41,0.0,0.0,1.0,2.0
2024-07-25,21,0.0,0.0,0.0,1.0,0.0,0.0,0.0,1.0
2024-07-25,22,0.0,0.0,0.787,0.213,0.0,0.0,1.0,2.0
2024-07-25,23,0.0,0.0,0.63,0.37,0.0,0.0,1.0,2.0
2024-07-26,0,0.0,0.0,0.489,0.511,0.0,0.0,2.0,1.0
2024-07-26,1,0.0,0.0,0.731,0.269,0.0,0.0,1.0,1.0
2024-07-26,2,0.0,0.0,0.6,0.4,0.0,0.0,1.0,1.0
2024-07-26,3,0.0,0.0,0.423,0.577,0.0,0.0,1.0,1.0
2024-07-26,4,0.0,0.0,0.948,0.052,0.0,0.0,1.0,1.0
2024-07-26,5,0.0,0.0,0.784,0.216,0.0,0.0,1.0,1.0
2024-07-26,6,0.0,0.0,0.705,0.295,0.0,0.0,1.0,1.0
2024-07-26,7,0.0,0.0,0.593,0.407,0.0,0.0,1.0,1.0
2024-07-26,8,0.069,0.0,0.787,0.144,2.0,0.0,2.0,1.0
2024-07-26,9,1.0,0.0,0.0,0.0,1.0,0.0,0.0,0.0
2024-07-26,10,0.961,0.039,0.0,0.0,2.0,1.0,0.0,0.0
2024-07-26,11,1.0,0.0,0.0,0.0,1.0,0.0,0.0,0.0
2024-07-26,12,1.0,0.0,0.0,0.0,1.0,0.0,0.0,0.0
2024-07-26,13,0.843,0.157,0.0,0.0,2.0,1.0,0.0,0.0
2024-07-26,14,0.528,0.275,0.197,0.0,3.0,3.0,2.0,0.0
2024-07-26,15,0.738,0.0,0.0,0.262,1.0,0.0,0.0,1.0
2024-07-26,16,0.751,0.0,0.039,0.21,1.0,0.0,1.0,1.0
2024-07-26,17,0.41,0.0,0.118,0.472,2.0,0.0,2.0,1.0
2024-07-26,18,0.216,0.0,0.118,0.666,1.0,0.0,1.0,1.0
2024-07-26,19,0.0,0.0,0.433,0.567,0.0,0.0,1.0,2.0
2024-07-26,20,0.197,0.0,0.344,0.459,4.0,0.0,4.0,2.0
2024-07-26,21,0.0,0.0,0.37,0.63,0.0,0.0,2.0,1.0
2024-07-26,22,0.0,0.0,0.449,0.551,0.0,0.0,2.0,1.0
2024-07-26,23,0.0,0.0,0.449,0.551,0.0,0.0,2.0,1.0
2024-07-27,0,0.0,0.0,0.764,0.236,0.0,0.0,1.0,1.0
2024-07-27,1,0.0,0.0,0.37,0.63,0.0,0.0,2.0,1.0
2024-07-27,2,0.0,0.0,0.567,0.433,0.0,0.0,2.0,1.0
2024-07-27,3,0.0,0.0,0.816,0.184,0.0,0.0,1.0,1.0
2024-07-27,4,0.0,0.0,0.475,0.525,0.0,0.0,1.0,1.0
2024-07-27,5,0.0,0.0,1.0,0.0,0.0,0.0,1.0,0.0
2024-07-27,6,0.0,0.0,0.689,0.311,0.0,0.0,1.0,1.0
2024-07-27,7,0.0,0.0,0.721,0.279,0.0,0.0,1.0,1.0
2024-07-27,8,0.816,0.0,0.184,0.0,1.0,0.0,1.0,0.0
2024-07-27,9,1.0,0.0,0.0,0.0,1.0,0.0,0.0,0.0
2024-07-27,10,0.961,0.0,0.039,0.0,2.0,0.0,1.0,0.0
2024-07-27,11,1.0,0.0,0.0,0.0,1.0,0.0,0.0,0.0
2024-07-27,12,0.59,0.236,0.039,0.134,1.0,1.0,1.0,1.0
2024-07-27,13,0.308,0.039,0.197,0.456,2.0,1.0,1.0,3.0
2024-07-27,14,0.4,0.0,0.118,0.482,1.0,0.0,2.0,2.0
2024-07-27,15,0.59,0.0,0.262,0.148,3.0,0.0,3.0,1.0
2024-07-27,16,0.433,0.0,0.21,0.357,2.0,0.0,2.0,2.0
2024-07-27,17,0.551,0.0,0.256,0.193,3.0,0.0,3.0,1.0
2024-07-27,18,0.0,0.0,0.489,0.511,0.0,0.0,4.0,3.0
2024-07-27,19,0.0,0.0,0.239,0.761,0.0,0.0,1.0,1.0
2024-07-27,20,0.0,0.0,0.708,0.292,0.0,0.0,1.0,2.0
2024-07-27,21,0.039,0.0,0.479,0.482,1.0,0.0,1.0,1.0
2024-07-27,22,0.0,0.0,0.466,0.534,0.0,0.0,1.0,1.0
2024-07-27,23,0.0,0.0,0.748,0.252,0.0,0.0,1.0,3.0
2024-07-28,0,0.0,0.0,0.607,0.393,0.0,0.0,1.0,1.0
2024-07-28,1,0.0,0.0,0.37,0.63,0.0,0.0,2.0,1.0
2024-07-28,2,0.0,0.0,0.518,0.482,0.0,0.0,1.0,1.0
2024-07-28,3,0.0,0.0,0.734,0.266,0.0,0.0,1.0,1.0
2024-07-28,4,0.0,0.0,0.564,0.436,0.0,0.0,1.0,1.0
2024-07-28,5,0.0,0.0,0.767,0.233,0.0,0.0,1.0,1.0
2024-07-28,6,0.0,0.0,0.846,0.154,0.0,0.0,1.0,1.0
2024-07-28,7,0.0,0.0,0.761,0.239,0.0,0.0,1.0,1.0
2024-07-28,8,0.108,0.0,0.892,0.0,1.0,0.0,1.0,0.0
2024-07-28,9,1.0,0.0,0.0,0.0,1.0,0.0,0.0,0.0
2024-07-28,10,0.961,0.039,0.0,0.0,2.0,1.0,0.0,0.0
2024-07-28,11,1.0,0.0,0.0,0.0,1.0,0.0,0.0,0.0
2024-07-28,12,0.905,0.095,0.0,0.0,3.0,3.0,0.0,0.0
2024-07-28,13,0.59,0.41,0.0,0.0,1.0,2.0,0.0,0.0
2024-07-28,14,0.393,0.282,0.0,0.325,1.0,2.0,0.0,1.0
2024-07-28,15,0.498,0.0,0.039,0.462,1.0,0.0,1.0,1.0
2024-07-28,16,0.37,0.0,0.157,0.472,2.0,0.0,1.0,1.0
2024-07-28,17,0.528,0.0,0.079,0.393,3.0,0.0,1.0,1.0
2024-07-28,18,0.256,0.0,0.393,0.351,2.0,0.0,2.0,1.0
2024-07-28,19,0.0,0.0,0.525,0.475,0.0,0.0,1.0,1.0
2024-07-28,20,0.0,0.0,0.607,0.393,0.0,0.0,2.0,1.0
2024-07-28,21,0.0,0.0,0.41,0.59,0.0,0.0,2.0,1.0
2024-07-28,22,0.118,0.0,0.449,0.433,1.0,0.0,3.0,1.0
2024-07-28,23,0.0,0.0,0.37,0.63,0.0,0.0,1.0,2.0
2024-08-03,0,0.0,0.0,0.433,0.567,0.0,0.0,1.0,1.0
2024-08-03,1,0.0,0.0,0.898,0.102,0.0,0.0,1.0,1.0
2024-08-03,2,0.0,0.0,0.449,0.551,0.0,0.0,2.0,1.0
2024-08-03,3,0.0,0.0,1.0,0.0,0.0,0.0,1.0,0.0
2024-08-03,4,0.0,0.0,0.134,0.866,0.0,0.0,2.0,1.0
2024-08-03,5,0.0,0.0,1.0,0.0,0.0,0.0,1.0,0.0
2024-08-03,6,0.0,0.0,1.0,0.0,0.0,0.0,1.0,0.0
2024-08-03,7,0.0,0.0,0.449,0.551,0.0,0.0,2.0,1.0
2024-08-03,8,0.039,0.0,0.961,0.0,1.0,0.0,2.0,0.0
2024-08-03,9,0.793,0.0,0.207,0.0,2.0,0.0,2.0,0.0
2024-08-03,10,1.0,0.0,0.0,0.0,1.0,0.0,0.0,0.0
2024-08-03,11,1.0,0.0,0.0,0.0,1.0,0.0,0.0,0.0
2024-08-03,12,0.157,0.843,0.0,0.0,1.0,1.0,0.0,0.0
2024-08-03,13,0.0,0.725,0.079,0.197,0.0,3.0,2.0,1.0
2024-08-03,14,0.128,0.597,0.0,0.275,1.0,2.0,0.0,2.0
2024-08-03,15,0.41,0.0,0.236,0.354,2.0,0.0,1.0,1.0
2024-08-03,16,0.131,0.0,0.279,0.59,1.0,0.0,2.0,1.0
2024-08-03,17,0.157,0.0,0.331,0.511,1.0,0.0,2.0,1.0
2024-08-03,18,0.079,0.0,0.607,0.315,1.0,0.0,3.0,1.0
2024-08-03,19,0.0,0.0,0.292,0.708,0.0,0.0,2.0,1.0
2024-08-03,20,0.0,0.0,0.538,0.462,0.0,0.0,1.0,1.0
2024-08-03,21,0.0,0.0,0.872,0.128,0.0,0.0,1.0,1.0
2024-08-03,22,0.0,0.0,0.489,0.511,0.0,0.0,2.0,1.0
2024-08-03,23,0.0,0.0,1.0,0.0,0.0,0.0,2.0,0.0
2024-08-07,0,0.0,0.0,0.252,0.748,0.0,0.0,1.0,1.0
2024-08-07,1,0.0,0.0,0.967,0.033,0.0,0.0,1.0,1.0
2024-08-07,2,0.0,0.0,0.521,0.479,0.0,0.0,1.0,1.0
2024-08-07,3,0.0,0.0,0.895,0.105,0.0,0.0,1.0,1.0
2024-08-07,4,0.0,0.0,0.554,0.446,0.0,0.0,1.0,1.0
2024-08-07,5,0.0,0.0,0.528,0.472,0.0,0.0,2.0,1.0
2024-08-07,6,0.0,0.0,1.0,0.0,0.0,0.0,1.0,0.0
2024-08-07,7,0.092,0.0,0.908,0.0,1.0,0.0,1.0,0.0
2024-08-07,8,1.0,0.0,0.0,0.0,1.0,0.0,0.0,0.0
2024-08-07,9,1.0,0.0,0.0,0.0,1.0,0.0,0.0,0.0
2024-08-07,10,1.0,0.0,0.0,0.0,1.0,0.0,0.0,0.0
2024-08-07,11,0.882,0.118,0.0,0.0,2.0,1.0,0.0,0.0
2024-08-07,12,0.961,0.0,0.039,0.0,2.0,0.0,1.0,0.0
2024-08-07,13,0.613,0.0,0.0,0.387,1.0,0.0,0.0,1.0
2024-08-07,14,0.443,0.0,0.118,0.439,2.0,0.0,2.0,1.0
2024-08-07,15,0.58,0.0,0.262,0.157,2.0,0.0,2.0,1.0
2024-08-07,16,0.672,0.0,0.013,0.315,1.0,0.0,1.0,1.0
2024-08-07,17,0.272,0.0,0.256,0.472,1.0,0.0,2.0,1.0
2024-08-07,18,0.079,0.0,0.292,0.63,1.0,0.0,2.0,1.0
2024-08-07,19,0.0,0.0,0.41,0.59,0.0,0.0,2.0,1.0
2024-08-07,20,0.039,0.0,0.184,0.777,1.0,0.0,2.0,1.0
2024-08-07,21,0.0,0.0,0.669,0.331,0.0,0.0,1.0,2.0
2024-08-07,22,0.0,0.0,0.298,0.702,0.0,0.0,1.0,1.0
2024-08-07,23,0.0,0.0,0.567,0.433,0.0,0.0,1.0,2.0
2024-08-08,0,0.0,0.0,0.843,0.157,0.0,0.0,1.0,1.0
2024-08-08,1,0.039,0.0,0.567,0.393,1.0,0.0,2.0,1.0
2024-08-08,2,0.0,0.0,0.292,0.708,0.0,0.0,2.0,1.0
2024-08-08,3,0.0,0.0,1.0,0.0,0.0,0.0,1.0,0.0
2024-08-08,4,0.0,0.0,0.485,0.515,0.0,0.0,1.0,1.0
2024-08-08,5,0.0,0.0,0.846,0.154,0.0,0.0,1.0,1.0
2024-08-08,6,0.0,0.0,0.646,0.354,0.0,0.0,2.0,1.0
2024-08-08,7,0.013,0.0,0.987,0.0,1.0,0.0,1.0,0.0
2024-08-08,8,0.852,0.148,0.0,0.0,2.0,2.0,0.0,0.0
2024-08-08,9,0.99,0.01,0.0,0.0,1.0,1.0,0.0,0.0
2024-08-08,10,1.0,0.0,0.0,0.0,1.0,0.0,0.0,0.0
2024-08-08,11,0.764,0.079,0.157,0.0,2.0,1.0,1.0,1.0
2024-08-08,12,0.449,0.0,0.079,0.472,1.0,0.0,1.0,1.0
2024-08-08,13,0.967,0.0,0.033,0.0,1.0,0.0,1.0,0.0
2024-08-08,14,0.118,0.275,0.046,0.561,1.0,1.0,2.0,1.0
2024-08-08,15,0.118,0.0,0.433,0.449,1.0,0.0,1.0,2.0
2024-08-08,16,0.039,0.0,0.79,0.17,1.0,0.0,2.0,1.0
2024-08-08,17,0.846,0.0,0.154,0.0,3.0,0.0,1.0,0.0
2024-08-08,18,0.689,0.0,0.079,0.233,2.0,0.0,2.0,1.0
2024-08-08,19,0.079,0.0,0.197,0.725,1.0,0.0,2.0,2.0
2024-08-08,20,0.03,0.0,0.393,0.577,1.0,0.0,1.0,2.0
2024-08-08,21,0.718,0.0,0.118,0.164,1.0,0.0,1.0,1.0
2024-08-08,22,0.0,0.0,0.259,0.741,0.0,0.0,1.0,1.0
2024-08-08,23,0.0,0.0,0.292,0.708,0.0,0.0,1.0,2.0
2024-08-09,0,0.0,0.0,0.551,0.449,0.0,0.0,2.0,2.0
2024-08-09,1,0.0,0.0,0.387,0.613,0.0,0.0,1.0,1.0
2024-08-09,2,0.0,0.0,0.164,0.836,0.0,0.0,1.0,1.0
2024-08-09,3,0.039,0.0,0.708,0.252,1.0,0.0,2.0,2.0
2024-08-09,4,0.0,0.0,0.515,0.485,0.0,0.0,1.0,1.0
2024-08-09,5,0.0,0.0,0.37,0.63,0.0,0.0,2.0,1.0
2024-08-09,6,0.587,0.0,0.295,0.118,1.0,0.0,1.0,1.0
2024-08-09,7,0.397,0.0,0.472,0.131,3.0,0.0,3.0,2.0
2024-08-09,8,0.541,0.0,0.118,0.341,1.0,0.0,1.0,1.0
2024-08-09,9,1.0,0.0,0.0,0.0,1.0,0.0,0.0,0.0
2024-08-09,10,0.859,0.141,0.0,0.0,1.0,1.0,0.0,0.0
2024-08-09,11,0.787,0.213,0.0,0.0,1.0,1.0,0.0,0.0
2024-08-09,12,0.197,0.803,0.0,0.0,1.0,1.0,0.0,0.0
2024-08-09,13,0.0,0.843,0.0,0.157,0.0,2.0,0.0,1.0
2024-08-09,14,0.403,0.518,0.079,0.0,1.0,2.0,1.0,0.0
2024-08-09,15,0.384,0.105,0.0,0.511,2.0,1.0,0.0,1.0
2024-08-09,16,0.157,0.485,0.003,0.354,2.0,3.0,1.0,1.0
2024-08-09,17,0.0,0.0,0.331,0.669,0.0,0.0,2.0,1.0
2024-08-09,18,0.0,0.0,0.331,0.669,0.0,0.0,2.0,1.0
2024-08-09,19,0.0,0.0,0.567,0.433,0.0,0.0,2.0,1.0
2024-08-09,20,0.039,0.0,0.538,0.423,1.0,0.0,2.0,2.0
2024-08-09,21,0.0,0.0,0.433,0.567,0.0,0.0,1.0,2.0
2024-08-09,22,0.0,0.0,0.338,0.662,0.0,0.0,1.0,1.0
2024-08-09,23,0.0,0.0,1.0,0.0,0.0,0.0,2.0,0.0
2024-08-13,0,0.0,0.0,0.866,0.134,0.0,0.0,1.0,1.0
2024-08-13,1,0.0,0.0,0.544,0.456,0.0,0.0,1.0,1.0
2024-08-13,2,0.0,0.0,0.449,0.551,0.0,0.0,2.0,1.0
2024-08-13,3,0.0,0.0,1.0,0.0,0.0,0.0,1.0,0.0
2024-08-13,4,0.0,0.0,0.407,0.593,0.0,0.0,1.0,1.0
2024-08-13,5,0.0,0.0,0.866,0.134,0.0,0.0,1.0,2.0
2024-08-13,6,0.0,0.0,0.469,0.531,0.0,0.0,1.0,1.0
2024-08-13,7,0.0,0.0,1.0,0.0,0.0,0.0,1.0,0.0
2024-08-13,8,0.777,0.0,0.223,0.0,1.0,0.0,1.0,0.0
2024-08-13,9,1.0,0.0,0.0,0.0,1.0,0.0,0.0,0.0
2024-08-13,10,1.0,0.0,0.0,0.0,1.0,0.0,0.0,0.0
2024-08-13,11,0.725,0.275,0.0,0.0,3.0,2.0,0.0,0.0
2024-08-13,12,0.826,0.174,0.0,0.0,1.0,1.0,0.0,0.0
2024-08-13,13,0.544,0.416,0.0,0.039,1.0,2.0,0.0,1.0
2024-08-13,14,0.243,0.393,0.0,0.364,1.0,1.0,0.0,1.0
2024-08-13,15,0.616,0.0,0.197,0.187,2.0,0.0,2.0,1.0
2024-08-13,16,0.131,0.315,0.315,0.239,2.0,3.0,2.0,1.0
2024-08-13,17,0.452,0.0,0.197,0.351,1.0,0.0,2.0,2.0
2024-08-13,18,0.492,0.0,0.197,0.311,1.0,0.0,1.0,1.0
2024-08-13,19,0.039,0.0,0.21,0.751,1.0,0.0,1.0,1.0
2024-08-13,20,0.0,0.0,0.459,0.541,0.0,0.0,1.0,1.0
2024-08-13,21,0.0,0.0,0.754,0.246,0.0,0.0,1.0,1.0
2024-08-13,22,0.0,0.0,0.449,0.551,0.0,0.0,2.0,1.0
2024-08-13,23,0.0,0.0,0.567,0.433,0.0,0.0,2.0,1.0
2024-08-14,0,0.0,0.0,0.646,0.354,0.0,0.0,1.0,1.0
2024-08-14,1,0.033,0.0,0.495,0.472,1.0,0.0,2.0,1.0
2024-08-14,2,0.007,0.0,0.993,0.0,1.0,0.0,1.0,0.0
2024-08-14,3,0.0,0.0,0.449,0.551,0.0,0.0,2.0,1.0
2024-08-14,4,0.0,0.0,0.839,0.161,0.0,0.0,1.0,1.0
2024-08-14,5,0.0,0.0,0.649,0.351,0.0,0.0,1.0,1.0
2024-08-14,6,0.0,0.0,0.57,0.43,0.0,0.0,1.0,1.0
2024-08-14,7,0.17,0.0,0.669,0.161,1.0,0.0,1.0,1.0
2024-08-14,8,1.0,0.0,0.0,0.0,1.0,0.0,0.0,0.0
2024-08-14,9,1.0,0.0,0.0,0.0,1.0,0.0,0.0,0.0
2024-08-14,10,1.0,0.0,0.0,0.0,1.0,0.0,0.0,0.0
2024-08-14,11,1.0,0.0,0.0,0.0,1.0,0.0,0.0,0.0
2024-08-14,12,1.0,0.0,0.0,0.0,1.0,0.0,0.0,0.0
2024-08-14,13,0.574,0.0,0.0,0.426,1.0,0.0,0.0,1.0
2024-08-14,14,0.511,0.167,0.0,0.321,1.0,1.0,0.0,1.0
2024-08-14,15,0.066,0.738,0.197,0.0,1.0,3.0,2.0,0.0
2024-08-14,16,0.446,0.318,0.197,0.039,2.0,3.0,3.0,1.0
2024-08-14,17,0.649,0.193,0.039,0.118,1.0,2.0,1.0,1.0
2024-08-14,18,0.492,0.0,0.0,0.508,2.0,0.0,0.0,2.0
2024-08-14,19,0.197,0.0,0.354,0.449,2.0,0.0,2.0,2.0
2024-08-14,20,0.0,0.0,0.148,0.852,0.0,0.0,1.0,1.0
2024-08-14,21,0.039,0.0,0.292,0.669,1.0,0.0,3.0,1.0
2024-08-14,22,0.18,0.0,0.308,0.511,2.0,0.0,2.0,1.0
2024-08-14,23,0.725,0.118,0.157,0.0,3.0,1.0,2.0,1.0
2024-08-15,0,0.0,0.0,0.079,0.921,0.0,0.0,1.0,1.0
2024-08-15,1,0.0,0.0,0.669,0.331,0.0,0.0,1.0,2.0
2024-08-15,2,0.0,0.0,0.59,0.41,0.0,0.0,1.0,2.0
2024-08-15,3,0.039,0.0,0.538,0.423,1.0,0.0,3.0,2.0
2024-08-15,4,0.0,0.0,0.646,0.354,0.0,0.0,2.0,1.0
2024-08-15,5,0.0,0.0,0.685,0.315,0.0,0.0,2.0,1.0
2024-08-15,6,0.0,0.0,0.331,0.669,0.0,0.0,2.0,1.0
2024-08-15,7,0.0,0.0,0.607,0.393,0.0,0.0,2.0,1.0
2024-08-15,8,0.472,0.0,0.528,0.0,2.0,0.0,3.0,0.0
2024-08-15,9,0.354,0.0,0.646,0.0,2.0,0.0,3.0,0.0
2024-08-15,10,0.534,0.0,0.23,0.236,1.0,0.0,2.0,1.0
2024-08-15,11,0.803,0.0,0.157,0.039,3.0,0.0,2.0,1.0
2024-08-15,12,0.433,0.0,0.157,0.41,2.0,0.0,2.0,1.0
2024-08-15,13,0.151,0.0,0.748,0.102,1.0,0.0,1.0,1.0
2024-08-15,14,0.843,0.0,0.157,0.0,2.0,0.0,1.0,0.0
2024-08-15,15,0.895,0.0,0.105,0.0,2.0,0.0,2.0,0.0
2024-08-15,16,0.357,0.0,0.289,0.354,3.0,0.0,3.0,1.0
2024-08-15,17,0.764,0.039,0.197,0.0,3.0,1.0,1.0,0.0
2024-08-15,18,0.61,0.351,0.039,0.0,2.0,1.0,1.0,0.0
2024-08-15,19,0.275,0.161,0.197,0.367,1.0,1.0,1.0,1.0
2024-08-15,20,0.0,0.0,0.266,0.734,0.0,0.0,1.0,1.0
2024-08-15,21,0.0,0.0,0.443,0.557,0.0,0.0,1.0,1.0
2024-08-15,22,0.0,0.0,0.63,0.37,0.0,0.0,1.0,2.0
2024-08-15,23,0.0,0.0,0.826,0.174,0.0,0.0,2.0,1.0
2024-08-19,0,0.567,0.0,0.079,0.354,1.0,0.0,1.0,1.0
2024-08-19,1,0.298,0.0,0.275,0.426,2.0,0.0,2.0,1.0
2024-08-19,2,0.0,0.0,0.521,0.479,0.0,0.0,1.0,1.0
2024-08-19,3,0.0,0.0,0.384,0.616,0.0,0.0,1.0,1.0
2024-08-19,4,0.0,0.0,0.908,0.092,0.0,0.0,1.0,1.0
2024-08-19,5,0.0,0.0,0.41,0.59,0.0,0.0,2.0,1.0
2024-08-19,6,0.351,0.0,0.649,0.0,2.0,0.0,2.0,0.0
2024-08-19,7,0.2,0.0,0.275,0.525,1.0,0.0,1.0,1.0
2024-08-19,8,0.197,0.0,0.659,0.144,2.0,0.0,3.0,1.0
2024-08-19,9,0.4,0.039,0.561,0.0,2.0,1.0,1.0,0.0
2024-08-19,10,1.0,0.0,0.0,0.0,1.0,0.0,0.0,0.0
2024-08-19,11,1.0,0.0,0.0,0.0,1.0,0.0,0.0,0.0
2024-08-19,12,0.826,0.174,0.0,0.0,1.0,1.0,0.0,0.0
2024-08-19,13,0.039,0.889,0.072,0.0,1.0,2.0,1.0,0.0
2024-08-19,14,0.315,0.0,0.164,0.521,1.0,0.0,3.0,2.0
2024-08-19,15,0.0,0.0,0.341,0.659,0.0,0.0,1.0,1.0
2024-08-19,16,0.83,0.0,0.092,0.079,1.0,0.0,1.0,1.0
2024-08-19,17,0.764,0.0,0.0,0.236,2.0,0.0,0.0,1.0
2024-08-19,18,0.256,0.0,0.157,0.587,2.0,0.0,2.0,2.0
2024-08-19,19,0.0,0.0,0.393,0.607,0.0,0.0,1.0,2.0
2024-08-19,20,0.0,0.0,0.659,0.341,0.0,0.0,1.0,1.0
2024-08-19,21,0.0,0.0,0.41,0.59,0.0,0.0,2.0,1.0
2024-08-19,22,0.0,0.0,0.567,0.433,0.0,0.0,2.0,1.0
2024-08-19,23,0.708,0.0,0.134,0.157,1.0,0.0,2.0,2.0
2024-08-20,0,0.157,0.0,0.449,0.393,1.0,0.0,2.0,1.0
2024-08-20,1,0.0,0.0,0.489,0.511,0.0,0.0,2.0,1.0
2024-08-20,2,0.0,0.0,0.321,0.679,0.0,0.0,1.0,1.0
2024-08-20,3,0.0,0.0,0.852,0.148,0.0,0.0,1.0,1.0
2024-08-20,4,0.0,0.0,0.567,0.433,0.0,0.0,2.0,1.0
2024-08-20,5,0.0,0.0,0.626,0.374,0.0,0.0,1.0,1.0
2024-08-20,6,0.43,0.0,0.511,0.059,2.0,0.0,2.0,1.0
2024-08-20,7,0.79,0.0,0.21,0.0,3.0,0.0,3.0,0.0
2024-08-20,8,0.0,0.0,0.567,0.433,0.0,0.0,2.0,1.0
2024-08-20,9,0.282,0.0,0.207,0.511,1.0,0.0,1.0,1.0
2024-08-20,10,1.0,0.0,0.0,0.0,1.0,0.0,0.0,0.0
2024-08-20,11,0.725,0.0,0.275,0.0,2.0,0.0,1.0,0.0
2024-08-20,12,0.748,0.0,0.252,0.0,3.0,0.0,3.0,0.0
2024-08-20,13,0.898,0.0,0.102,0.0,1.0,0.0,1.0,0.0
2024-08-20,14,0.99,0.0,0.01,0.0,1.0,0.0,1.0,0.0
2024-08-20,15,0.538,0.0,0.226,0.236,2.0,0.0,2.0,1.0
2024-08-20,16,1.0,0.0,0.0,0.0,1.0,0.0,0.0,0.0
2024-08-20,17,0.784,0.0,0.118,0.098,1.0,0.0,1.0,1.0
2024-08-20,18,0.59,0.0,0.039,0.37,1.0,0.0,1.0,2.0
2024-08-20,19,0.0,0.0,0.0,1.0,0.0,0.0,0.0,1.0
2024-08-20,20,0.0,0.0,0.511,0.489,0.0,0.0,1.0,2.0
2024-08-20,21,0.0,0.0,0.125,0.875,0.0,0.0,1.0,2.0
2024-08-20,22,0.039,0.0,0.961,0.0,1.0,0.0,2.0,0.0
2024-08-20,23,0.0,0.0,0.37,0.63,0.0,0.0,2.0,2.0
2024-08-24,0,0.039,0.0,0.764,0.197,1.0,0.0,3.0,1.0
2024-08-24,1,0.197,0.0,0.489,0.315,2.0,0.0,4.0,1.0
2024-08-24,2,0.757,0.0,0.243,0.0,2.0,0.0,2.0,0.0
2024-08-24,3,0.108,0.0,0.892,0.0,2.0,0.0,2.0,0.0
2024-08-24,4,0.0,0.0,0.567,0.433,0.0,0.0,2.0,1.0
2024-08-24,5,0.138,0.0,0.469,0.393,2.0,0.0,2.0,2.0
2024-08-24,6,0.098,0.0,0.669,0.233,1.0,0.0,1.0,1.0
2024-08-24,7,0.63,0.0,0.17,0.2,1.0,0.0,2.0,1.0
2024-08-24,8,0.344,0.0,0.498,0.157,1.0,0.0,1.0,1.0
2024-08-24,9,0.639,0.0,0.157,0.203,1.0,0.0,1.0,1.0
2024-08-24,10,0.551,0.0,0.338,0.111,2.0,0.0,3.0,1.0
2024-08-24,11,0.669,0.039,0.292,0.0,2.0,1.0,2.0,0.0
2024-08-24,12,0.764,0.0,0.236,0.0,2.0,0.0,1.0,0.0
2024-08-24,13,0.731,0.0,0.079,0.19,1.0,0.0,1.0,1.0
2024-08-24,14,0.089,0.0,0.551,0.361,1.0,0.0,1.0,2.0
2024-08-24,15,1.0,0.0,0.0,0.0,1.0,0.0,0.0,0.0
2024-08-24,16,1.0,0.0,0.0,0.0,1.0,0.0,0.0,0.0
2024-08-24,17,0.843,0.0,0.079,0.079,2.0,0.0,1.0,1.0
2024-08-24,18,0.452,0.079,0.115,0.354,1.0,1.0,2.0,1.0
2024-08-24,19,0.0,0.0,0.37,0.63,0.0,0.0,2.0,1.0
2024-08-24,20,0.0,0.0,0.38,0.62,0.0,0.0,1.0,1.0
2024-08-24,21,0.007,0.0,0.551,0.443,1.0,0.0,1.0,2.0
2024-08-24,22,1.0,0.0,0.0,0.0,1.0,0.0,0.0,0.0
2024-08-24,23,0.095,0.0,0.197,0.708,1.0,0.0,2.0,1.0
2024-08-25,0,0.0,0.0,0.41,0.59,0.0,0.0,2.0,1.0
2024-08-25,1,0.0,0.0,0.41,0.59,0.0,0.0,2.0,1.0
2024-08-25,2,0.0,0.0,0.557,0.443,0.0,0.0,1.0,1.0
2024-08-25,3,0.0,0.0,0.695,0.305,0.0,0.0,1.0,1.0
2024-08-25,4,0.0,0.0,0.449,0.551,0.0,0.0,2.0,1.0
2024-08-25,5,0.0,0.0,0.705,0.295,0.0,0.0,1.0,1.0
2024-08-25,6,0.902,0.0,0.0,0.098,1.0,0.0,0.0,1.0
2024-08-25,7,0.882,0.0,0.118,0.0,2.0,0.0,1.0,0.0
2024-08-25,8,0.656,0.0,0.039,0.305,1.0,0.0,1.0,1.0
2024-08-25,9,0.518,0.0,0.039,0.443,1.0,0.0,1.0,1.0
2024-08-25,10,1.0,0.0,0.0,0.0,1.0,0.0,0.0,0.0
2024-08-25,11,1.0,0.0,0.0,0.0,1.0,0.0,0.0,0.0
2024-08-25,12,0.528,0.0,0.118,0.354,2.0,0.0,1.0,1.0
2024-08-25,13,1.0,0.0,0.0,0.0,1.0,0.0,0.0,0.0
2024-08-25,14,1.0,0.0,0.0,0.0,1.0,0.0,0.0,0.0
2024-08-25,15,0.738,0.066,0.197,0.0,2.0,1.0,1.0,0.0
2024-08-25,16,0.515,0.485,0.0,0.0,1.0,1.0,0.0,0.0
2024-08-25,17,0.272,0.728,0.0,0.0,1.0,1.0,0.0,0.0
2024-08-25,18,0.0,0.807,0.118,0.075,0.0,1.0,1.0,1.0
2024-08-25,19,0.0,0.0,0.433,0.567,0.0,0.0,2.0,3.0
2024-08-25,20,0.157,0.0,0.393,0.449,2.0,0.0,2.0,2.0
2024-08-25,21,0.0,0.0,0.557,0.443,0.0,0.0,1.0,1.0
2024-08-25,22,0.0,0.0,0.567,0.433,0.0,0.0,2.0,1.0
2024-08-25,23,0.0,0.0,0.292,0.708,0.0,0.0,2.0,1.0
2024-09-12,0,0.0,0.0,0.882,0.118,0.0,0.0,1.0,1.0
2024-09-12,1,0.0,0.0,0.489,0.511,0.0,0.0,2.0,1.0
2024-09-12,2,0.0,0.0,0.754,0.246,0.0,0.0,2.0,2.0
2024-09-12,3,0.0,0.0,0.459,0.541,0.0,0.0,1.0,1.0
2024-09-12,4,0.0,0.0,0.449,0.551,0.0,0.0,2.0,1.0
2024-09-12,5,0.0,0.0,1.0,0.0,0.0,0.0,1.0,0.0
2024-09-12,6,0.0,0.0,0.846,0.154,0.0,0.0,2.0,2.0
2024-09-12,7,0.0,0.0,0.643,0.357,0.0,0.0,2.0,2.0
2024-09-12,8,0.03,0.0,0.813,0.157,1.0,0.0,1.0,1.0
2024-09-12,9,1.0,0.0,0.0,0.0,1.0,0.0,0.0,0.0
2024-09-12,10,1.0,0.0,0.0,0.0,1.0,0.0,0.0,0.0
2024-09-12,11,1.0,0.0,0.0,0.0,1.0,0.0,0.0,0.0
2024-09-12,12,1.0,0.0,0.0,0.0,1.0,0.0,0.0,0.0
2024-09-12,13,1.0,0.0,0.0,0.0,1.0,0.0,0.0,0.0
2024-09-12,14,0.99,0.01,0.0,0.0,1.0,1.0,0.0,0.0
2024-09-12,15,0.118,0.226,0.197,0.459,1.0,1.0,2.0,2.0
2024-09-12,16,0.0,0.0,0.239,0.761,0.0,0.0,1.0,1.0
2024-09-12,17,0.118,0.0,0.548,0.334,1.0,0.0,3.0,2.0
2024-09-12,18,0.118,0.0,0.315,0.567,1.0,0.0,3.0,3.0
2024-09-12,19,0.0,0.0,0.472,0.528,0.0,0.0,1.0,2.0
2024-09-12,20,0.0,0.0,0.305,0.695,0.0,0.0,1.0,1.0
2024-09-12,21,0.0,0.0,0.528,0.472,0.0,0.0,2.0,1.0
2024-09-12,22,0.0,0.0,0.426,0.574,0.0,0.0,1.0,1.0
2024-09-12,23,0.0,0.0,0.669,0.331,0.0,0.0,1.0,3.0
2024-09-16,0,0.0,0.0,0.944,0.056,0.0,0.0,1.0,1.0
2024-09-16,1,0.0,0.0,0.505,0.495,0.0,0.0,1.0,1.0
2024-09-16,2,0.039,0.0,0.528,0.433,1.0,0.0,3.0,1.0
2024-09-16,3,0.079,0.0,0.541,0.38,1.0,0.0,2.0,1.0
2024-09-16,4,0.0,0.0,0.554,0.446,0.0,0.0,1.0,1.0
2024-09-16,5,0.0,0.0,0.449,0.551,0.0,0.0,2.0,1.0
2024-09-16,6,0.0,0.0,1.0,0.0,0.0,0.0,1.0,0.0
2024-09-16,7,0.0,0.0,0.489,0.511,0.0,0.0,2.0,1.0
2024-09-16,8,0.0,0.0,1.0,0.0,0.0,0.0,1.0,0.0
2024-09-16,9,0.0,0.0,0.41,0.59,0.0,0.0,2.0,1.0
2024-09-16,10,0.298,0.0,0.702,0.0,2.0,0.0,2.0,0.0
2024-09-16,11,0.764,0.079,0.157,0.0,4.0,2.0,1.0,0.0
2024-09-16,12,1.0,0.0,0.0,0.0,1.0,0.0,0.0,0.0
2024-09-16,13,1.0,0.0,0.0,0.0,1.0,0.0,0.0,0.0
2024-09-16,14,0.675,0.118,0.207,0.0,2.0,2.0,3.0,0.0
2024-09-16,15,0.498,0.0,0.187,0.315,2.0,0.0,3.0,2.0
2024-09-16,16,0.328,0.039,0.633,0.0,2.0,1.0,2.0,0.0
2024-09-16,17,0.472,0.079,0.154,0.295,2.0,1.0,3.0,1.0
2024-09-16,18,0.551,0.0,0.079,0.37,1.0,0.0,1.0,2.0
2024-09-16,19,0.0,0.0,0.511,0.489,0.0,0.0,1.0,2.0
2024-09-16,20,0.039,0.0,0.63,0.331,1.0,0.0,2.0,2.0
2024-09-16,21,0.0,0.0,0.479,0.521,0.0,0.0,1.0,1.0
2024-09-16,22,0.0,0.0,0.489,0.511,0.0,0.0,2.0,1.0
2024-09-16,23,0.0,0.0,0.803,0.197,0.0,0.0,2.0,1.0
2024-09-20,0,0.0,0.0,0.551,0.449,0.0,0.0,1.0,1.0
2024-09-20,1,0.0,0.0,0.938,0.062,0.0,0.0,1.0,1.0
2024-09-20,2,0.0,0.0,0.213,0.787,0.0,0.0,2.0,1.0
2024-09-20,3,0.0,0.0,0.856,0.144,0.0,0.0,1.0,1.0
2024-09-20,4,0.0,0.0,0.475,0.525,0.0,0.0,1.0,1.0
2024-09-20,5,0.0,0.0,0.784,0.216,0.0,0.0,1.0,1.0
2024-09-20,6,0.0,0.0,0.902,0.098,0.0,0.0,1.0,1.0
2024-09-20,7,0.092,0.0,0.554,0.354,1.0,0.0,1.0,1.0
2024-09-20,8,0.734,0.079,0.187,0.0,3.0,1.0,2.0,0.0
2024-09-20,9,0.754,0.039,0.207,0.0,2.0,1.0,1.0,0.0
2024-09-20,10,1.0,0.0,0.0,0.0,1.0,0.0,0.0,0.0
2024-09-20,11,1.0,0.0,0.0,0.0,1.0,0.0,0.0,0.0
2024-09-20,12,1.0,0.0,0.0,0.0,1.0,0.0,0.0,0.0
2024-09-20,13,1.0,0.0,0.0,0.0,1.0,0.0,0.0,0.0
2024-09-20,14,0.843,0.118,0.039,0.0,2.0,2.0,1.0,0.0
2024-09-20,15,0.108,0.695,0.079,0.118,1.0,2.0,1.0,1.0
2024-09-20,16,0.354,0.013,0.197,0.436,2.0,1.0,3.0,3.0
2024-09-20,17,0.0,0.0,0.197,0.803,0.0,0.0,1.0,2.0
2024-09-20,18,0.0,0.0,0.315,0.685,0.0,0.0,1.0,2.0
2024-09-20,19,0.0,0.0,0.131,0.869,0.0,0.0,1.0,1.0
2024-09-20,20,0.0,0.0,0.41,0.59,0.0,0.0,2.0,1.0
2024-09-20,21,0.0,0.0,0.567,0.433,0.0,0.0,3.0,2.0
2024-09-20,22,0.0,0.0,0.252,0.748,0.0,0.0,2.0,1.0
2024-09-20,23,0.0,0.0,0.449,0.551,0.0,0.0,3.0,1.0
2024-09-21,0,0.0,0.0,0.551,0.449,0.0,0.0,1.0,1.0
2024-09-21,1,0.0,0.0,0.787,0.213,0.0,0.0,1.0,2.0
2024-09-21,2,0.285,0.0,0.118,0.597,1.0,0.0,1.0,1.0
2024-09-21,3,0.03,0.0,0.393,0.577,1.0,0.0,1.0,1.0
2024-09-21,4,0.0,0.0,0.869,0.131,0.0,0.0,1.0,1.0
2024-09-21,5,0.02,0.0,0.272,0.708,1.0,0.0,2.0,1.0
2024-09-21,6,0.413,0.0,0.587,0.0,2.0,0.0,2.0,0.0
2024-09-21,7,0.0,0.0,0.711,0.289,0.0,0.0,1.0,1.0
2024-09-21,8,0.0,0.0,0.502,0.498,0.0,0.0,1.0,1.0
2024-09-21,9,0.748,0.0,0.252,0.0,1.0,0.0,2.0,0.0
2024-09-21,10,0.889,0.0,0.111,0.0,1.0,0.0,1.0,0.0
2024-09-21,11,0.961,0.0,0.039,0.0,2.0,0.0,1.0,0.0
2024-09-21,12,1.0,0.0,0.0,0.0,1.0,0.0,0.0,0.0
2024-09-21,13,1.0,0.0,0.0,0.0,1.0,0.0,0.0,0.0
2024-09-21,14,0.675,0.0,0.0,0.325,1.0,0.0,0.0,1.0
2024-09-21,15,0.63,0.0,0.0,0.37,1.0,0.0,0.0,2.0
2024-09-21,16,0.354,0.0,0.275,0.37,2.0,0.0,2.0,2.0
2024-09-21,17,0.708,0.0,0.216,0.075,1.0,0.0,2.0,1.0
2024-09-21,18,0.0,0.0,0.528,0.472,0.0,0.0,3.0,2.0
2024-09-21,19,0.0,0.0,0.331,0.669,0.0,0.0,2.0,1.0
2024-09-21,20,0.0,0.0,0.41,0.59,0.0,0.0,2.0,1.0
2024-09-21,21,0.0,0.0,0.6,0.4,0.0,0.0,1.0,1.0
2024-09-21,22,0.0,0.0,0.652,0.348,0.0,0.0,1.0,1.0
2024-09-21,23,0.0,0.0,0.449,0.551,0.0,0.0,2.0,1.0
2024-09-22,0,0.0,0.0,0.646,0.354,0.0,0.0,1.0,1.0
2024-09-22,1,0.0,0.0,0.692,0.308,0.0,0.0,1.0,1.0
2024-09-22,2,0.0,0.0,0.757,0.243,0.0,0.0,1.0,1.0
2024-09-22,3,0.0,0.0,0.58,0.42,0.0,0.0,1.0,1.0
2024-09-22,4,0.0,0.0,0.475,0.525,0.0,0.0,1.0,1.0
2024-09-22,5,0.0,0.0,1.0,0.0,0.0,0.0,1.0,0.0
2024-09-22,6,0.0,0.0,1.0,0.0,0.0,0.0,1.0,0.0
2024-09-22,7,0.0,0.0,0.607,0.393,0.0,0.0,2.0,1.0
2024-09-22,8,0.0,0.0,1.0,0.0,0.0,0.0,1.0,0.0
2024-09-22,9,0.4,0.0,0.6,0.0,1.0,0.0,1.0,0.0
2024-09-22,10,1.0,0.0,0.0,0.0,1.0,0.0,0.0,0.0
2024-09-22,11,1.0,0.0,0.0,0.0,1.0,0.0,0.0,0.0
2024-09-22,12,1.0,0.0,0.0,0.0,1.0,0.0,0.0,0.0
2024-09-22,13,1.0,0.0,0.0,0.0,1.0,0.0,0.0,0.0
2024-09-22,14,0.046,0.118,0.275,0.561,1.0,1.0,4.0,4.0
2024-09-22,15,0.144,0.0,0.472,0.384,2.0,0.0,2.0,1.0
2024-09-22,16,0.052,0.0,0.593,0.354,2.0,0.0,3.0,1.0
2024-09-22,17,0.138,0.0,0.666,0.197,1.0,0.0,3.0,3.0
2024-09-22,18,1.0,0.0,0.0,0.0,1.0,0.0,0.0,0.0
2024-09-22,19,0.921,0.039,0.039,0.0,3.0,1.0,1.0,0.0
2024-09-22,20,0.538,0.0,0.0,0.462,1.0,0.0,0.0,1.0
2024-09-22,21,0.0,0.0,0.164,0.836,0.0,0.0,1.0,1.0
2024-09-22,22,0.102,0.0,0.426,0.472,1.0,0.0,1.0,1.0
2024-09-22,23,0.449,0.0,0.354,0.197,2.0,0.0,2.0,2.0
2024-09-23,0,0.118,0.0,0.315,0.567,1.0,0.0,1.0,1.0
2024-09-23,1,0.0,0.0,0.584,0.416,0.0,0.0,1.0,1.0
2024-09-23,2,0.0,0.0,0.085,0.915,0.0,0.0,1.0,1.0
2024-09-23,3,0.0,0.0,0.656,0.344,0.0,0.0,1.0,1.0
2024-09-23,4,0.0,0.0,0.213,0.787,0.0,0.0,2.0,1.0
2024-09-23,5,0.039,0.0,0.961,0.0,1.0,0.0,2.0,0.0
2024-09-23,6,0.59,0.0,0.41,0.0,1.0,0.0,2.0,0.0
2024-09-23,7,0.039,0.0,0.2,0.761,1.0,0.0,2.0,1.0
2024-09-23,8,0.187,0.0,0.787,0.026,1.0,0.0,1.0,1.0
2024-09-23,9,1.0,0.0,0.0,0.0,1.0,0.0,0.0,0.0
2024-09-23,10,0.803,0.0,0.197,0.0,4.0,0.0,3.0,0.0
2024-09-23,11,0.764,0.0,0.236,0.0,2.0,0.0,1.0,0.0
2024-09-23,12,0.354,0.0,0.157,0.489,1.0,0.0,2.0,2.0
2024-09-23,13,0.151,0.0,0.669,0.18,1.0,0.0,1.0,1.0
2024-09-23,14,0.282,0.0,0.315,0.403,2.0,0.0,3.0,2.0
2024-09-23,15,0.236,0.0,0.695,0.069,1.0,0.0,2.0,1.0
2024-09-23,16,0.079,0.0,0.449,0.472,1.0,0.0,3.0,1.0
2024-09-23,17,0.197,0.079,0.725,0.0,2.0,1.0,3.0,0.0
2024-09-23,18,0.0,0.0,0.57,0.43,0.0,0.0,1.0,1.0
2024-09-23,19,0.0,0.0,0.63,0.37,0.0,0.0,1.0,2.0
2024-09-23,20,0.197,0.0,0.58,0.223,3.0,0.0,4.0,1.0
2024-09-23,21,0.0,0.0,0.679,0.321,0.0,0.0,1.0,1.0
2024-09-23,22,0.0,0.0,0.613,0.387,0.0,0.0,1.0,1.0
2024-09-23,23,0.905,0.0,0.095,0.0,2.0,0.0,1.0,0.0
2024-09-25,0,0.0,0.0,0.669,0.331,0.0,0.0,1.0,1.0
2024-09-25,1,0.0,0.0,0.741,0.259,0.0,0.0,1.0,1.0
2024-09-25,2,0.0,0.0,0.361,0.639,0.0,0.0,1.0,1.0
2024-09-25,3,0.0,0.0,0.774,0.226,0.0,0.0,1.0,1.0
2024-09-25,4,0.0,0.0,1.0,0.0,0.0,0.0,1.0,0.0
2024-09-25,5,0.0,0.0,0.587,0.413,0.0,0.0,1.0,1.0
2024-09-25,6,0.0,0.0,0.705,0.295,0.0,0.0,1.0,1.0
2024-09-25,7,0.052,0.0,0.948,0.0,1.0,0.0,1.0,0.0
2024-09-25,8,0.961,0.039,0.0,0.0,2.0,1.0,0.0,0.0
2024-09-25,9,1.0,0.0,0.0,0.0,1.0,0.0,0.0,0.0
2024-09-25,10,1.0,0.0,0.0,0.0,1.0,0.0,0.0,0.0
2024-09-25,11,0.921,0.079,0.0,0.0,2.0,1.0,0.0,0.0
2024-09-25,12,0.607,0.315,0.079,0.0,2.0,2.0,1.0,0.0
2024-09-25,13,1.0,0.0,0.0,0.0,1.0,0.0,0.0,0.0
2024-09-25,14,0.754,0.0,0.118,0.128,1.0,0.0,1.0,1.0
2024-09-25,15,0.157,0.079,0.275,0.489,1.0,1.0,1.0,2.0
2024-09-25,16,0.0,0.0,0.669,0.331,0.0,0.0,1.0,2.0
2024-09-25,17,0.118,0.0,0.413,0.469,2.0,0.0,3.0,1.0
2024-09-25,18,0.0,0.0,0.095,0.905,0.0,0.0,2.0,1.0
2024-09-25,19,0.0,0.0,0.397,0.603,0.0,0.0,1.0,1.0
2024-09-25,20,0.0,0.0,0.541,0.459,0.0,0.0,2.0,2.0
2024-09-25,21,0.079,0.0,0.639,0.282,1.0,0.0,2.0,1.0
2024-09-25,22,0.0,0.0,0.63,0.37,0.0,0.0,1.0,2.0
2024-09-25,23,0.0,0.0,0.669,0.331,0.0,0.0,2.0,1.0
2024-09-26,0,0.0,0.0,0.669,0.331,0.0,0.0,1.0,1.0
2024-09-26,1,0.0,0.0,0.787,0.213,0.0,0.0,1.0,2.0
2024-09-26,2,0.0,0.0,0.482,0.518,0.0,0.0,1.0,1.0
2024-09-26,3,0.0,0.0,0.567,0.433,0.0,0.0,2.0,1.0
2024-09-26,4,0.0,0.0,0.761,0.239,0.0,0.0,1.0,1.0
2024-09-26,5,0.0,0.0,0.649,0.351,0.0,0.0,1.0,1.0
2024-09-26,6,0.0,0.0,0.728,0.272,0.0,0.0,1.0,1.0
2024-09-26,7,0.0,0.0,0.721,0.279,0.0,0.0,1.0,1.0
2024-09-26,8,0.62,0.039,0.341,0.0,2.0,1.0,1.0,0.0
2024-09-26,9,1.0,0.0,0.0,0.0,1.0,0.0,0.0,0.0
2024-09-26,10,1.0,0.0,0.0,0.0,1.0,0.0,0.0,0.0
2024-09-26,11,1.0,0.0,0.0,0.0,1.0,0.0,1.0,0.0
2024-09-26,12,0.59,0.039,0.118,0.252,1.0,1.0,3.0,4.0
2024-09-26,13,0.308,0.0,0.039,0.652,1.0,0.0,1.0,1.0
2024-09-26,14,0.479,0.0,0.364,0.157,2.0,0.0,2.0,1.0
2024-09-26,15,0.039,0.0,0.489,0.472,1.0,0.0,3.0,1.0
2024-09-26,16,0.511,0.0,0.489,0.0,3.0,0.0,4.0,0.0
2024-09-26,17,0.0,0.0,0.725,0.275,0.0,0.0,3.0,2.0
2024-09-26,18,0.275,0.0,0.256,0.469,1.0,0.0,2.0,1.0
2024-09-26,19,0.0,0.0,0.63,0.37,0.0,0.0,1.0,2.0
2024-09-26,20,0.079,0.0,0.462,0.459,1.0,0.0,2.0,1.0
2024-09-26,21,0.0,0.0,0.489,0.511,0.0,0.0,2.0,1.0
2024-09-26,22,0.0,0.0,0.938,0.062,0.0,0.0,1.0,1.0
2024-09-26,23,0.0,0.0,0.551,0.449,0.0,0.0,3.0,2.0
2024-09-27,0,0.0,0.0,0.669,0.331,0.0,0.0,1.0,1.0
2024-09-27,1,0.0,0.0,0.584,0.416,0.0,0.0,1.0,1.0
2024-09-27,2,0.0,0.0,1.0,0.0,0.0,0.0,1.0,0.0
2024-09-27,3,0.0,0.0,0.174,0.826,0.0,0.0,2.0,1.0
2024-09-27,4,0.0,0.0,1.0,0.0,0.0,0.0,1.0,0.0
2024-09-27,5,0.0,0.0,0.823,0.177,0.0,0.0,1.0,1.0
2024-09-27,6,0.0,0.0,0.744,0.256,0.0,0.0,1.0,1.0
2024-09-27,7,0.433,0.079,0.489,0.0,3.0,2.0,2.0,0.0
2024-09-27,8,0.62,0.0,0.38,0.0,3.0,0.0,3.0,0.0
2024-09-27,9,1.0,0.0,0.0,0.0,1.0,0.0,0.0,0.0
2024-09-27,10,1.0,0.0,0.0,0.0,1.0,0.0,0.0,0.0
2024-09-27,11,1.0,0.0,0.0,0.0,1.0,0.0,0.0,0.0
2024-09-27,12,0.787,0.0,0.0,0.213,1.0,0.0,0.0,1.0
2024-09-27,13,0.354,0.623,0.0,0.023,1.0,1.0,0.0,1.0
2024-09-27,14,0.0,0.715,0.157,0.128,0.0,2.0,2.0,1.0
2024-09-27,15,0.0,0.0,0.262,0.738,0.0,0.0,1.0,1.0
2024-09-27,16,0.0,0.0,0.567,0.433,0.0,0.0,2.0,1.0
2024-09-27,17,0.079,0.0,0.449,0.472,1.0,0.0,2.0,1.0
2024-09-27,18,0.079,0.0,0.649,0.272,1.0,0.0,2.0,1.0
2024-09-27,19,0.0,0.0,0.643,0.357,0.0,0.0,1.0,1.0
2024-09-27,20,0.0,0.0,0.449,0.551,0.0,0.0,2.0,1.0
2024-09-27,21,0.0,0.0,0.679,0.321,0.0,0.0,1.0,1.0
2024-09-27,22,0.0,0.0,0.534,0.466,0.0,0.0,1.0,1.0
2024-09-27,23,0.0,0.0,0.725,0.275,0.0,0.0,3.0,1.0
2024-09-28,0,0.0,0.0,0.528,0.472,0.0,0.0,2.0,1.0
2024-09-28,1,0.0,0.0,1.0,0.0,0.0,0.0,1.0,0.0
2024-09-28,2,0.0,0.0,0.833,0.167,0.0,0.0,1.0,1.0
2024-09-28,3,0.0,0.0,0.498,0.502,0.0,0.0,1.0,1.0
2024-09-28,4,0.0,0.0,1.0,0.0,0.0,0.0,1.0,0.0
2024-09-28,5,0.0,0.0,0.725,0.275,0.0,0.0,2.0,1.0
2024-09-28,6,0.0,0.0,0.921,0.079,0.0,0.0,2.0,1.0
2024-09-28,7,0.0,0.0,0.751,0.249,0.0,0.0,1.0,1.0
2024-09-28,8,0.0,0.0,0.934,0.066,0.0,0.0,1.0,1.0
2024-09-28,9,0.361,0.0,0.639,0.0,1.0,0.0,1.0,0.0
2024-09-28,10,1.0,0.0,0.0,0.0,1.0,0.0,0.0,0.0
2024-09-28,11,1.0,0.0,0.0,0.0,1.0,0.0,0.0,0.0
2024-09-28,12,1.0,0.0,0.0,0.0,1.0,0.0,0.0,0.0
2024-09-28,13,1.0,0.0,0.0,0.0,1.0,0.0,0.0,0.0
2024-09-28,14,1.0,0.0,0.0,0.0,1.0,0.0,0.0,0.0
2024-09-28,15,0.698,0.0,0.0,0.302,1.0,0.0,0.0,1.0
2024-09-28,16,0.0,0.0,0.121,0.879,0.0,0.0,1.0,1.0
2024-09-28,17,0.059,0.0,0.508,0.433,1.0,0.0,2.0,1.0
2024-09-28,18,0.216,0.0,0.236,0.548,2.0,0.0,2.0,1.0
2024-09-28,19,0.0,0.0,0.511,0.489,0.0,0.0,1.0,2.0
2024-09-28,20,0.079,0.0,0.393,0.528,1.0,0.0,1.0,2.0
2024-09-28,21,0.0,0.0,0.669,0.331,0.0,0.0,1.0,2.0
2024-09-28,22,0.0,0.0,0.416,0.584,0.0,0.0,1.0,1.0
2024-09-28,23,0.118,0.0,0.331,0.551,1.0,0.0,3.0,1.0
2024-09-29,0,0.0,0.0,0.331,0.669,0.0,0.0,1.0,1.0
2024-09-29,1,0.0,0.0,0.652,0.348,0.0,0.0,1.0,1.0
2024-09-29,2,0.0,0.0,0.757,0.243,0.0,0.0,1.0,1.0
2024-09-29,3,0.0,0.0,0.777,0.223,0.0,0.0,1.0,1.0
2024-09-29,4,0.0,0.0,0.672,0.328,0.0,0.0,1.0,1.0
2024-09-29,5,0.0,0.0,0.331,0.669,0.0,0.0,2.0,1.0
2024-09-29,6,0.0,0.0,1.0,0.0,0.0,0.0,1.0,0.0
2024-09-29,7,0.0,0.0,1.0,0.0,0.0,0.0,1.0,0.0
2024-09-29,8,0.0,0.0,0.567,0.433,0.0,0.0,2.0,1.0
2024-09-29,9,0.282,0.0,0.718,0.0,1.0,0.0,1.0,0.0
2024-09-29,10,1.0,0.0,0.0,0.0,1.0,0.0,0.0,0.0
2024-09-29,11,1.0,0.0,0.0,0.0,1.0,0.0,0.0,0.0
2024-09-29,12,1.0,0.0,0.0,0.0,1.0,0.0,0.0,0.0
2024-09-29,13,1.0,0.0,0.0,0.0,1.0,0.0,0.0,0.0
2024-09-29,14,0.872,0.128,0.0,0.0,1.0,1.0,0.0,0.0
2024-09-29,15,0.0,0.226,0.184,0.59,0.0,1.0,2.0,1.0
2024-09-29,16,0.0,0.0,0.564,0.436,0.0,0.0,2.0,2.0
2024-09-29,17,0.039,0.0,0.551,0.41,1.0,0.0,2.0,2.0
2024-09-29,18,0.157,0.0,0.275,0.567,3.0,0.0,4.0,2.0
2024-09-29,19,0.0,0.0,0.485,0.515,0.0,0.0,1.0,1.0
2024-09-29,20,0.0,0.0,0.213,0.787,0.0,0.0,2.0,1.0
2024-09-29,21,0.0,0.0,0.607,0.393,0.0,0.0,2.0,1.0
2024-09-29,22,0.0,0.0,0.505,0.495,0.0,0.0,1.0,1.0
2024-09-29,23,0.0,0.0,0.354,0.646,0.0,0.0,1.0,2.0
2024-09-30,0,0.0,0.0,0.489,0.511,0.0,0.0,2.0,1.0
2024-09-30,1,0.0,0.0,0.928,0.072,0.0,0.0,1.0,1.0
2024-09-30,2,0.0,0.0,0.403,0.597,0.0,0.0,1.0,1.0
2024-09-30,3,0.0,0.0,0.423,0.577,0.0,0.0,1.0,1.0
2024-09-30,4,0.0,0.0,0.711,0.289,0.0,0.0,1.0,1.0
2024-09-30,5,0.0,0.0,0.37,0.63,0.0,0.0,2.0,1.0
2024-09-30,6,0.0,0.0,1.0,0.0,0.0,0.0,1.0,0.0
2024-09-30,7,0.0,0.0,1.0,0.0,0.0,0.0,1.0,0.0
2024-09-30,8,0.344,0.0,0.341,0.315,1.0,0.0,1.0,1.0
2024-09-30,9,1.0,0.0,0.0,0.0,1.0,0.0,0.0,0.0
2024-09-30,10,1.0,0.0,0.0,0.0,1.0,0.0,0.0,0.0
2024-09-30,11,1.0,0.0,0.0,0.0,1.0,0.0,0.0,0.0
2024-09-30,12,0.921,0.079,0.0,0.0,2.0,1.0,0.0,0.0
2024-09-30,13,0.607,0.354,0.0,0.039,4.0,3.0,0.0,1.0
2024-09-30,14,0.292,0.433,0.039,0.236,4.0,3.0,1.0,2.0
2024-09-30,15,0.659,0.079,0.079,0.184,2.0,1.0,1.0,1.0
2024-09-30,16,0.079,0.0,0.472,0.449,2.0,0.0,3.0,2.0
2024-09-30,17,0.118,0.0,0.669,0.213,2.0,0.0,3.0,2.0
2024-09-30,18,0.0,0.0,0.354,0.646,0.0,0.0,1.0,2.0
2024-09-30,19,0.0,0.0,0.249,0.751,0.0,0.0,1.0,1.0
2024-09-30,20,0.0,0.0,0.38,0.62,0.0,0.0,1.0,1.0
2024-09-30,21,0.0,0.0,0.833,0.167,0.0,0.0,1.0,1.0
2024-09-30,22,0.0,0.0,0.489,0.511,0.0,0.0,2.0,1.0
2024-09-30,23,0.0,0.0,0.449,0.551,0.0,0.0,2.0,1.0
2024-10-01,0,0.0,0.0,0.866,0.134,0.0,0.0,1.0,2.0
2024-10-01,1,0.0,0.0,0.033,0.967,0.0,0.0,1.0,1.0
2024-10-01,2,0.0,0.0,0.911,0.089,0.0,0.0,1.0,1.0
2024-10-01,3,0.0,0.0,0.42,0.58,0.0,0.0,1.0,1.0
2024-10-01,4,0.0,0.0,1.0,0.0,0.0,0.0,1.0,0.0
2024-10-01,5,0.0,0.0,0.292,0.708,0.0,0.0,2.0,1.0
2024-10-01,6,0.0,0.0,1.0,0.0,0.0,0.0,1.0,0.0
2024-10-01,7,0.0,0.0,0.475,0.525,0.0,0.0,1.0,1.0
2024-10-01,8,0.0,0.0,0.934,0.066,0.0,0.0,1.0,1.0
2024-10-01,9,0.079,0.0,0.921,0.0,1.0,0.0,2.0,0.0
2024-10-01,10,0.0,0.0,1.0,0.0,0.0,0.0,1.0,0.0
2024-10-01,11,0.787,0.0,0.213,0.0,2.0,0.0,2.0,0.0
2024-10-01,12,0.921,0.079,0.0,0.0,2.0,1.0,0.0,0.0
2024-10-01,13,1.0,0.0,0.0,0.0,1.0,0.0,0.0,0.0
2024-10-01,14,0.636,0.364,0.0,0.0,1.0,1.0,0.0,0.0
2024-10-01,15,0.0,0.961,0.0,0.039,0.0,2.0,0.0,1.0
2024-10-01,16,0.161,0.17,0.157,0.511,1.0,1.0,1.0,1.0
2024-10-01,17,0.252,0.0,0.393,0.354,3.0,0.0,2.0,2.0
2024-10-01,18,0.216,0.0,0.157,0.626,3.0,0.0,2.0,2.0
2024-10-01,19,0.0,0.0,0.485,0.515,0.0,0.0,2.0,2.0
2024-10-01,20,0.0,0.0,0.38,0.62,0.0,0.0,2.0,2.0
2024-10-01,21,0.197,0.0,0.203,0.6,1.0,0.0,2.0,1.0
2024-10-01,22,0.0,0.0,0.37,0.63,0.0,0.0,2.0,1.0
2024-10-01,23,0.0,0.0,0.528,0.472,0.0,0.0,1.0,2.0
2024-10-03,0,0.0,0.0,1.0,0.0,0.0,0.0,1.0,0.0
2024-10-03,1,0.0,0.0,0.607,0.393,0.0,0.0,2.0,1.0
2024-10-03,2,0.0,0.0,1.0,0.0,0.0,0.0,1.0,0.0
2024-10-03,3,0.0,0.0,0.685,0.315,0.0,0.0,2.0,1.0
2024-10-03,4,0.0,0.0,1.0,0.0,0.0,0.0,1.0,0.0
2024-10-03,5,0.0,0.0,1.0,0.0,0.0,0.0,1.0,0.0
2024-10-03,6,0.039,0.0,0.961,0.0,1.0,0.0,2.0,0.0
2024-10-03,7,0.0,0.0,0.764,0.236,0.0,0.0,3.0,2.0
2024-10-03,8,0.974,0.0,0.026,0.0,1.0,0.0,1.0,0.0
2024-10-03,9,1.0,0.0,0.0,0.0,1.0,0.0,0.0,0.0
2024-10-03,10,1.0,0.0,0.0,0.0,1.0,0.0,0.0,0.0
2024-10-03,11,1.0,0.0,0.0,0.0,1.0,0.0,0.0,0.0
2024-10-03,12,0.843,0.079,0.039,0.039,2.0,1.0,1.0,1.0
2024-10-03,13,0.456,0.544,0.0,0.0,3.0,3.0,0.0,0.0
2024-10-03,14,0.118,0.331,0.039,0.511,1.0,2.0,1.0,1.0
2024-10-03,15,0.144,0.305,0.118,0.433,1.0,1.0,1.0,1.0
2024-10-03,16,0.289,0.0,0.357,0.354,2.0,0.0,2.0,1.0
2024-10-03,17,0.138,0.0,0.469,0.393,2.0,0.0,3.0,1.0
2024-10-03,18,0.02,0.0,0.315,0.666,1.0,0.0,1.0,1.0
2024-10-03,19,0.0,0.0,0.63,0.37,0.0,0.0,1.0,2.0
2024-10-03,20,0.0,0.0,0.708,0.292,0.0,0.0,1.0,2.0
2024-10-03,21,0.0,0.0,0.282,0.718,0.0,0.0,1.0,1.0
2024-10-03,22,0.0,0.0,0.466,0.534,0.0,0.0,1.0,1.0
2024-10-03,23,0.0,0.0,0.905,0.095,0.0,0.0,2.0,1.0
2024-10-04,0,0.0,0.0,0.41,0.59,0.0,0.0,2.0,1.0
2024-10-04,1,0.0,0.0,1.0,0.0,0.0,0.0,1.0,0.0
2024-10-04,2,0.0,0.0,0.528,0.472,0.0,0.0,2.0,1.0
2024-10-04,3,0.0,0.0,0.58,0.42,0.0,0.0,1.0,1.0
2024-10-04,4,0.0,0.0,0.633,0.367,0.0,0.0,1.0,1.0
2024-10-04,5,0.0,0.0,1.0,0.0,0.0,0.0,1.0,0.0
2024-10-04,6,0.039,0.0,0.961,0.0,1.0,0.0,2.0,0.0
2024-10-04,7,0.039,0.0,0.961,0.0,1.0,0.0,2.0,0.0
2024-10-04,8,0.0,0.0,1.0,0.0,0.0,0.0,1.0,0.0
2024-10-04,9,0.754,0.0,0.246,0.0,1.0,0.0,1.0,0.0
2024-10-04,10,1.0,0.0,0.0,0.0,1.0,0.0,0.0,0.0
2024-10-04,11,0.961,0.039,0.0,0.0,1.0,1.0,0.0,0.0
2024-10-04,12,0.039,0.961,0.0,0.0,1.0,2.0,0.0,0.0
2024-10-04,13,0.393,0.141,0.039,0.426,2.0,2.0,1.0,1.0
2024-10-04,14,0.984,0.01,0.0,0.007,1.0,1.0,0.0,1.0
2024-10-04,15,0.0,0.305,0.315,0.38,0.0,1.0,2.0,2.0
2024-10-04,16,0.0,0.0,0.633,0.367,0.0,0.0,2.0,2.0
2024-10-04,17,0.0,0.0,0.764,0.236,0.0,0.0,2.0,1.0
2024-10-04,18,0.236,0.0,0.449,0.315,2.0,0.0,3.0,1.0
2024-10-04,19,0.0,0.0,0.646,0.354,0.0,0.0,3.0,2.0
2024-10-04,20,0.0,0.0,0.567,0.433,0.0,0.0,2.0,1.0
2024-10-04,21,0.0,0.0,0.292,0.708,0.0,0.0,2.0,1.0
2024-10-04,22,0.0,0.0,0.662,0.338,0.0,0.0,1.0,1.0
2024-10-04,23,0.0,0.0,0.708,0.292,0.0,0.0,2.0,2.0
2024-10-05,0,0.079,0.0,0.725,0.197,1.0,0.0,2.0,1.0
2024-10-05,1,0.0,0.0,0.331,0.669,0.0,0.0,2.0,1.0
2024-10-05,2,0.0,0.0,0.872,0.128,0.0,0.0,1.0,1.0
2024-10-05,3,0.0,0.0,0.748,0.252,0.0,0.0,1.0,2.0
2024-10-05,4,0.0,0.0,0.397,0.603,0.0,0.0,1.0,1.0
2024-10-05,5,0.0,0.0,0.784,0.216,0.0,0.0,1.0,1.0
2024-10-05,6,0.0,0.0,0.587,0.413,0.0,0.0,1.0,1.0
2024-10-05,7,0.0,0.0,0.987,0.013,0.0,0.0,1.0,1.0
2024-10-05,8,0.0,0.0,0.659,0.341,0.0,0.0,1.0,1.0
2024-10-05,9,0.0,0.0,1.0,0.0,0.0,0.0,1.0,0.0
2024-10-05,10,0.692,0.0,0.308,0.0,2.0,0.0,1.0,0.0
2024-10-05,11,1.0,0.0,0.0,0.0,1.0,0.0,0.0,0.0
2024-10-05,12,1.0,0.0,0.0,0.0,1.0,0.0,0.0,0.0
2024-10-05,13,1.0,0.0,0.0,0.0,1.0,0.0,0.0,0.0
2024-10-05,14,0.37,0.0,0.59,0.039,2.0,0.0,2.0,1.0
2024-10-05,15,0.961,0.0,0.039,0.0,2.0,0.0,1.0,0.0
2024-10-05,16,0.21,0.0,0.354,0.436,2.0,0.0,3.0,2.0
2024-10-05,17,0.0,0.0,0.472,0.528,0.0,0.0,1.0,2.0
2024-10-05,18,0.039,0.0,0.666,0.295,1.0,0.0,2.0,2.0
2024-10-05,19,0.0,0.0,0.449,0.551,0.0,0.0,2.0,1.0
2024-10-05,20,0.0,0.0,0.538,0.462,0.0,0.0,1.0,1.0
2024-10-05,21,0.0,0.0,0.715,0.285,0.0,0.0,1.0,1.0
2024-10-05,22,0.0,0.0,0.449,0.551,0.0,0.0,2.0,1.0
2024-10-05,23,0.0,0.0,0.607,0.393,0.0,0.0,2.0,2.0
2024-10-12,0,0.0,0.0,0.685,0.315,0.0,0.0,2.0,1.0
2024-10-12,1,0.0,0.0,0.685,0.315,0.0,0.0,2.0,1.0
2024-10-12,2,0.0,0.0,0.597,0.403,0.0,0.0,1.0,1.0
2024-10-12,3,0.0,0.0,0.826,0.174,0.0,0.0,1.0,2.0
2024-10-12,4,0.0,0.0,0.551,0.449,0.0,0.0,1.0,2.0
2024-10-12,5,0.0,0.0,0.57,0.43,0.0,0.0,1.0,1.0
2024-10-12,6,0.0,0.0,0.728,0.272,0.0,0.0,1.0,1.0
2024-10-12,7,0.0,0.0,0.997,0.003,0.0,0.0,1.0,1.0
2024-10-12,8,0.777,0.0,0.223,0.0,1.0,0.0,1.0,0.0
2024-10-12,9,0.836,0.0,0.164,0.0,2.0,0.0,2.0,0.0
2024-10-12,10,0.0,0.0,0.607,0.393,0.0,0.0,2.0,1.0
2024-10-12,11,0.708,0.0,0.292,0.0,2.0,0.0,2.0,0.0
2024-10-12,12,0.197,0.0,0.607,0.197,2.0,0.0,3.0,1.0
2024-10-12,13,0.111,0.0,0.692,0.197,1.0,0.0,1.0,1.0
2024-10-12,14,0.764,0.0,0.236,0.0,4.0,0.0,3.0,0.0
2024-10-12,15,0.331,0.0,0.669,0.0,3.0,0.0,2.0,0.0
2024-10-12,16,0.407,0.0,0.593,0.0,3.0,0.0,3.0,0.0
2024-10-12,17,0.413,0.0,0.587,0.0,3.0,0.0,3.0,0.0
2024-10-12,18,0.059,0.0,0.666,0.275,2.0,0.0,4.0,2.0
2024-10-12,19,0.0,0.0,0.725,0.275,0.0,0.0,2.0,1.0
2024-10-12,20,0.0,0.0,1.0,0.0,0.0,0.0,1.0,0.0
2024-10-12,21,0.0,0.0,1.0,0.0,0.0,0.0,1.0,0.0
2024-10-12,22,0.0,0.0,0.977,0.023,0.0,0.0,1.0,1.0
2024-10-12,23,0.079,0.0,0.511,0.41,2.0,0.0,3.0,1.0
2024-10-13,0,0.0,0.0,0.803,0.197,0.0,0.0,2.0,1.0
2024-10-13,1,0.0,0.0,0.567,0.433,0.0,0.0,2.0,1.0
2024-10-13,2,0.0,0.0,0.646,0.354,0.0,0.0,2.0,1.0
2024-10-13,3,0.0,0.0,1.0,0.0,0.0,0.0,1.0,0.0
2024-10-13,4,0.0,0.0,0.803,0.197,0.0,0.0,2.0,1.0
2024-10-13,5,0.0,0.0,1.0,0.0,0.0,0.0,1.0,0.0
2024-10-13,6,0.0,0.0,0.961,0.039,0.0,0.0,2.0,1.0
2024-10-13,7,0.0,0.0,0.843,0.157,0.0,0.0,2.0,1.0
2024-10-13,8,0.0,0.0,1.0,0.0,0.0,0.0,1.0,0.0
2024-10-13,9,0.039,0.0,0.961,0.0,1.0,0.0,2.0,0.0
2024-10-13,10,0.77,0.0,0.23,0.0,1.0,0.0,1.0,0.0
2024-10-13,11,0.961,0.0,0.039,0.0,1.0,0.0,1.0,0.0
2024-10-13,12,0.567,0.0,0.433,0.0,3.0,0.0,3.0,0.0
2024-10-13,13,0.023,0.0,0.82,0.157,1.0,0.0,2.0,1.0
2024-10-13,14,0.0,0.0,0.882,0.118,0.0,0.0,3.0,2.0
2024-10-13,15,0.459,0.0,0.541,0.0,1.0,0.0,1.0,0.0
2024-10-13,16,0.17,0.0,0.83,0.0,2.0,0.0,2.0,0.0
2024-10-13,17,0.748,0.0,0.252,0.0,1.0,0.0,2.0,0.0
2024-10-13,18,0.0,0.0,0.803,0.197,0.0,0.0,2.0,1.0
2024-10-13,19,0.0,0.0,0.646,0.354,0.0,0.0,2.0,1.0
2024-10-13,20,0.039,0.0,0.961,0.0,1.0,0.0,2.0,0.0
2024-10-13,21,0.243,0.0,0.757,0.0,2.0,0.0,2.0,0.0
2024-10-13,22,0.033,0.0,0.731,0.236,1.0,0.0,2.0,1.0
2024-10-13,23,0.0,0.0,0.725,0.275,0.0,0.0,3.0,1.0
2024-10-15,0,0.511,0.0,0.433,0.056,2.0,0.0,2.0,2.0
2024-10-15,1,0.157,0.0,0.426,0.416,1.0,0.0,1.0,1.0
2024-10-15,2,0.0,0.0,0.607,0.393,0.0,0.0,2.0,1.0
2024-10-15,3,0.0,0.0,0.607,0.393,0.0,0.0,2.0,1.0
2024-10-15,4,0.0,0.0,0.489,0.511,0.0,0.0,2.0,1.0
2024-10-15,5,0.0,0.0,0.567,0.433,0.0,0.0,2.0,1.0
2024-10-15,6,0.0,0.0,0.61,0.39,0.0,0.0,1.0,1.0
2024-10-15,7,0.0,0.0,0.787,0.213,0.0,0.0,1.0,2.0
2024-10-15,8,0.354,0.0,0.541,0.105,2.0,0.0,3.0,2.0
2024-10-15,9,0.354,0.0,0.646,0.0,1.0,0.0,3.0,0.0
2024-10-15,10,0.0,0.0,0.725,0.275,0.0,0.0,2.0,1.0
2024-10-15,11,0.748,0.0,0.252,0.0,2.0,0.0,2.0,0.0
2024-10-15,12,0.725,0.0,0.236,0.039,3.0,0.0,3.0,1.0
2024-10-15,13,0.567,0.0,0.433,0.0,3.0,0.0,2.0,0.0
2024-10-15,14,1.0,0.0,0.0,0.0,1.0,0.0,0.0,0.0
2024-10-15,15,0.921,0.0,0.079,0.0,2.0,0.0,1.0,0.0
2024-10-15,16,0.843,0.0,0.157,0.0,2.0,0.0,1.0,0.0
2024-10-15,17,0.98,0.0,0.02,0.0,1.0,0.0,1.0,0.0
2024-10-15,18,0.0,0.0,0.213,0.787,0.0,0.0,3.0,2.0
2024-10-15,19,0.0,0.0,0.554,0.446,0.0,0.0,1.0,1.0
2024-10-15,20,0.118,0.0,0.511,0.37,1.0,0.0,2.0,2.0
2024-10-15,21,0.0,0.0,0.321,0.679,0.0,0.0,1.0,1.0
2024-10-15,22,0.0,0.0,0.489,0.511,0.0,0.0,2.0,1.0
2024-10-15,23,0.0,0.0,0.607,0.393,0.0,0.0,3.0,2.0
2024-10-16,0,0.0,0.0,0.669,0.331,0.0,0.0,1.0,2.0
2024-10-16,1,0.0,0.0,0.623,0.377,0.0,0.0,1.0,1.0
2024-10-16,2,0.0,0.0,0.725,0.275,0.0,0.0,2.0,1.0
2024-10-16,3,0.0,0.0,0.567,0.433,0.0,0.0,2.0,1.0
2024-10-16,4,0.0,0.0,0.682,0.318,0.0,0.0,1.0,1.0
2024-10-16,5,0.0,0.0,0.728,0.272,0.0,0.0,1.0,1.0
2024-10-16,6,0.0,0.0,0.374,0.626,0.0,0.0,1.0,1.0
2024-10-16,7,0.013,0.0,0.826,0.161,1.0,0.0,1.0,1.0
2024-10-16,8,0.341,0.0,0.62,0.039,3.0,0.0,2.0,1.0
2024-10-16,9,0.675,0.039,0.285,0.0,3.0,1.0,2.0,0.0
2024-10-16,10,0.19,0.259,0.551,0.0,1.0,1.0,1.0,0.0
2024-10-16,11,0.236,0.331,0.433,0.0,2.0,3.0,1.0,0.0
2024-10-16,12,1.0,0.0,0.0,0.0,1.0,0.0,0.0,0.0
2024-10-16,13,0.77,0.0,0.23,0.0,2.0,0.0,2.0,0.0
2024-10-16,14,0.708,0.039,0.252,0.0,2.0,1.0,2.0,0.0
2024-10-16,15,0.302,0.0,0.698,0.0,1.0,0.0,1.0,0.0
2024-10-16,16,0.803,0.197,0.0,0.0,3.0,2.0,0.0,0.0
2024-10-16,17,1.0,0.0,0.0,0.0,1.0,0.0,0.0,0.0
2024-10-16,18,0.649,0.0,0.236,0.115,2.0,0.0,2.0,1.0
2024-10-16,19,0.21,0.0,0.0,0.79,1.0,0.0,0.0,1.0
2024-10-16,20,0.262,0.0,0.275,0.462,1.0,0.0,1.0,1.0
2024-10-16,21,0.079,0.0,0.433,0.489,1.0,0.0,1.0,2.0
2024-10-16,22,0.22,0.0,0.551,0.23,1.0,0.0,2.0,2.0
2024-10-16,23,0.449,0.0,0.079,0.472,1.0,0.0,1.0,2.0
2024-10-17,0,0.236,0.0,0.433,0.331,1.0,0.0,2.0,2.0
2024-10-17,1,0.426,0.0,0.393,0.18,3.0,0.0,2.0,1.0
2024-10-17,2,0.007,0.0,0.679,0.315,1.0,0.0,2.0,1.0
2024-10-17,3,0.118,0.0,0.659,0.223,1.0,0.0,2.0,1.0
2024-10-17,4,0.0,0.0,0.593,0.407,0.0,0.0,1.0,1.0
2024-10-17,5,0.0,0.0,0.449,0.551,0.0,0.0,2.0,1.0
2024-10-17,6,0.236,0.0,0.728,0.036,1.0,0.0,2.0,1.0
2024-10-17,7,0.118,0.0,0.525,0.357,1.0,0.0,1.0,1.0
2024-10-17,8,0.0,0.0,1.0,0.0,0.0,0.0,1.0,0.0
2024-10-17,9,0.793,0.0,0.207,0.0,3.0,0.0,3.0,0.0
2024-10-17,10,0.803,0.0,0.039,0.157,2.0,0.0,1.0,1.0
2024-10-17,11,0.056,0.0,0.393,0.551,1.0,0.0,2.0,1.0
2024-10-17,12,0.174,0.0,0.826,0.0,1.0,0.0,1.0,0.0
2024-10-17,13,0.803,0.0,0.197,0.0,3.0,0.0,2.0,0.0
2024-10-17,14,0.125,0.0,0.59,0.285,2.0,0.0,2.0,1.0
2024-10-17,15,0.931,0.0,0.0,0.069,1.0,0.0,0.0,1.0
2024-10-17,16,1.0,0.0,0.0,0.0,1.0,0.0,0.0,0.0
2024-10-17,17,1.0,0.0,0.0,0.0,1.0,0.0,0.0,0.0
2024-10-17,18,0.452,0.0,0.433,0.115,2.0,0.0,3.0,2.0
2024-10-17,19,0.0,0.0,0.393,0.607,0.0,0.0,1.0,2.0
2024-10-17,20,0.0,0.0,0.423,0.577,0.0,0.0,1.0,1.0
2024-10-17,21,0.0,0.0,0.285,0.715,0.0,0.0,1.0,1.0
2024-10-17,22,0.0,0.0,0.748,0.252,0.0,0.0,1.0,2.0
2024-10-17,23,0.0,0.0,0.551,0.449,0.0,0.0,1.0,2.0
2024-10-28,0,0.0,0.0,0.646,0.354,0.0,0.0,1.0,1.0
2024-10-28,1,0.0,0.0,0.292,0.708,0.0,0.0,2.0,1.0
2024-10-28,2,0.0,0.0,0.675,0.325,0.0,0.0,1.0,1.0
2024-10-28,3,0.079,0.0,0.669,0.252,1.0,0.0,1.0,2.0
2024-10-28,4,0.0,0.0,0.593,0.407,0.0,0.0,1.0,1.0
2024-10-28,5,0.275,0.0,0.41,0.315,1.0,0.0,3.0,1.0
2024-10-28,6,0.0,0.0,0.413,0.587,0.0,0.0,1.0,1.0
2024-10-28,7,0.289,0.0,0.708,0.003,2.0,0.0,2.0,1.0
2024-10-28,8,0.616,0.0,0.344,0.039,2.0,0.0,2.0,1.0
2024-10-28,9,0.4,0.0,0.167,0.433,1.0,0.0,1.0,1.0
2024-10-28,10,0.662,0.0,0.338,0.0,3.0,0.0,3.0,0.0
2024-10-28,11,0.787,0.0,0.213,0.0,2.0,0.0,2.0,0.0
2024-10-28,12,0.921,0.0,0.079,0.0,2.0,0.0,1.0,0.0
2024-10-28,13,0.495,0.0,0.472,0.033,3.0,0.0,3.0,1.0
2024-10-28,14,0.718,0.039,0.039,0.203,2.0,1.0,1.0,1.0
2024-10-28,15,0.58,0.0,0.184,0.236,2.0,0.0,3.0,1.0
2024-10-28,16,0.711,0.0,0.289,0.0,2.0,0.0,2.0,0.0
2024-10-28,17,1.0,0.0,0.0,0.0,1.0,0.0,0.0,0.0
2024-10-28,18,0.57,0.039,0.0,0.39,2.0,1.0,0.0,1.0
2024-10-28,19,0.17,0.0,0.0,0.83,1.0,0.0,0.0,1.0
2024-10-28,20,0.42,0.0,0.197,0.384,2.0,0.0,2.0,1.0
2024-10-28,21,0.079,0.0,0.433,0.489,1.0,0.0,1.0,2.0
2024-10-28,22,0.0,0.0,0.511,0.489,0.0,0.0,1.0,2.0
2024-10-28,23,0.0,0.0,0.433,0.567,0.0,0.0,1.0,2.0
2024-11-04,0,0.0,0.0,0.725,0.275,0.0,0.0,1.0,1.0
2024-11-04,1,0.0,0.0,0.489,0.511,0.0,0.0,2.0,1.0
2024-11-04,2,0.0,0.0,1.0,0.0,0.0,0.0,1.0,0.0
2024-11-04,3,0.0,0.0,0.384,0.616,0.0,0.0,1.0,1.0
2024-11-04,4,0.0,0.0,0.83,0.17,0.0,0.0,1.0,1.0
2024-11-04,5,0.0,0.0,0.98,0.02,0.0,0.0,1.0,1.0
2024-11-04,6,0.0,0.0,0.548,0.452,0.0,0.0,1.0,1.0
2024-11-04,7,0.0,0.0,1.0,0.0,0.0,0.0,1.0,0.0
2024-11-04,8,0.0,0.0,1.0,0.0,0.0,0.0,1.0,0.0
2024-11-04,9,0.164,0.0,0.836,0.0,3.0,0.0,3.0,0.0
2024-11-04,10,0.292,0.0,0.708,0.0,3.0,0.0,2.0,0.0
2024-11-04,11,0.646,0.0,0.354,0.0,3.0,0.0,2.0,0.0
2024-11-04,12,0.921,0.0,0.079,0.0,3.0,0.0,2.0,0.0
2024-11-04,13,0.134,0.0,0.472,0.393,3.0,0.0,3.0,1.0
2024-11-04,14,0.282,0.0,0.433,0.285,3.0,0.0,3.0,1.0
2024-11-04,15,0.59,0.0,0.302,0.108,3.0,0.0,4.0,1.0
2024-11-04,16,0.197,0.0,0.803,0.0,1.0,0.0,2.0,0.0
2024-11-04,17,0.315,0.0,0.646,0.039,1.0,0.0,3.0,1.0
2024-11-04,18,0.236,0.0,0.492,0.272,2.0,0.0,3.0,1.0
2024-11-04,19,0.0,0.0,0.8,0.2,0.0,0.0,1.0,1.0
2024-11-04,20,0.0,0.0,0.97,0.03,0.0,0.0,1.0,1.0
2024-11-04,21,0.203,0.0,0.511,0.285,2.0,0.0,2.0,1.0
2024-11-04,22,0.033,0.0,0.692,0.275,1.0,0.0,2.0,1.0
2024-11-04,23,0.0,0.0,1.0,0.0,0.0,0.0,1.0,1.0
2024-11-05,0,0.0,0.0,1.0,0.0,0.0,0.0,1.0,0.0
2024-11-05,1,0.0,0.0,0.652,0.348,0.0,0.0,1.0,1.0
2024-11-05,2,0.0,0.0,0.836,0.164,0.0,0.0,1.0,1.0
2024-11-05,3,0.0,0.0,0.777,0.223,0.0,0.0,1.0,1.0
2024-11-05,4,0.0,0.0,0.83,0.17,0.0,0.0,1.0,1.0
2024-11-05,5,0.0,0.0,0.764,0.236,0.0,0.0,2.0,1.0
2024-11-05,6,0.0,0.0,1.0,0.0,0.0,0.0,1.0,0.0
2024-11-05,7,0.0,0.0,1.0,0.0,0.0,0.0,1.0,0.0
2024-11-05,8,0.108,0.0,0.892,0.0,1.0,0.0,1.0,0.0
2024-11-05,9,1.0,0.0,0.0,0.0,1.0,0.0,0.0,0.0
2024-11-05,10,1.0,0.0,0.0,0.0,1.0,0.0,0.0,0.0
2024-11-05,11,0.489,0.511,0.0,0.0,2.0,1.0,0.0,0.0
2024-11-05,12,0.551,0.0,0.449,0.0,1.0,0.0,1.0,0.0
2024-11-05,13,0.118,0.0,0.528,0.354,1.0,0.0,3.0,1.0
2024-11-05,14,0.354,0.0,0.646,0.0,1.0,0.0,2.0,0.0
2024-11-05,15,0.157,0.0,0.489,0.354,2.0,0.0,4.0,1.0
2024-11-05,16,0.239,0.039,0.721,0.0,3.0,1.0,2.0,0.0
2024-11-05,17,0.311,0.0,0.689,0.0,3.0,0.0,3.0,0.0
2024-11-05,18,0.039,0.0,0.528,0.433,1.0,0.0,2.0,1.0
2024-11-05,19,0.0,0.0,1.0,0.0,0.0,0.0,1.0,0.0
2024-11-05,20,0.0,0.0,0.567,0.433,0.0,0.0,2.0,1.0
2024-11-05,21,0.0,0.0,1.0,0.0,0.0,0.0,1.0,0.0
2024-11-05,22,0.0,0.0,0.921,0.079,0.0,0.0,2.0,1.0
2024-11-05,23,0.0,0.0,0.685,0.315,0.0,0.0,2.0,1.0
2024-11-06,0,0.0,0.0,0.764,0.236,0.0,0.0,1.0,1.0
2024-11-06,1,0.0,0.0,1.0,0.0,0.0,0.0,1.0,0.0
2024-11-06,2,0.0,0.0,1.0,0.0,0.0,0.0,1.0,0.0
2024-11-06,3,0.0,0.0,0.489,0.511,0.0,0.0,2.0,1.0
2024-11-06,4,0.0,0.0,1.0,0.0,0.0,0.0,1.0,0.0
2024-11-06,5,0.0,0.0,0.607,0.393,0.0,0.0,2.0,1.0
2024-11-06,6,0.0,0.0,0.964,0.036,0.0,0.0,1.0,1.0
2024-11-06,7,0.0,0.0,0.761,0.239,0.0,0.0,1.0,1.0
2024-11-06,8,0.0,0.0,1.0,0.0,0.0,0.0,1.0,0.0
2024-11-06,9,0.197,0.0,0.803,0.0,1.0,0.0,2.0,0.0
2024-11-06,10,0.039,0.0,0.961,0.0,1.0,0.0,2.0,0.0
2024-11-06,11,0.944,0.0,0.056,0.0,1.0,0.0,1.0,0.0
2024-11-06,12,0.944,0.039,0.016,0.0,1.0,1.0,1.0,0.0
2024-11-06,13,0.59,0.079,0.331,0.0,2.0,2.0,2.0,0.0
2024-11-06,14,0.757,0.0,0.203,0.039,2.0,0.0,3.0,1.0
2024-11-06,15,0.528,0.0,0.393,0.079,2.0,0.0,1.0,1.0
2024-11-06,16,0.21,0.318,0.472,0.0,3.0,2.0,1.0,0.0
2024-11-06,17,0.0,0.469,0.472,0.059,0.0,2.0,2.0,2.0
2024-11-06,18,0.0,0.0,0.472,0.528,0.0,0.0,2.0,2.0
2024-11-06,19,0.0,0.0,0.525,0.475,0.0,0.0,1.0,1.0
2024-11-06,20,0.0,0.0,0.646,0.354,0.0,0.0,2.0,1.0
2024-11-06,21,0.039,0.0,0.528,0.433,1.0,0.0,3.0,1.0
2024-11-06,22,0.0,0.0,0.528,0.472,0.0,0.0,2.0,1.0
2024-11-06,23,0.0,0.0,0.567,0.433,0.0,0.0,2.0,2.0
2024-11-20,0,0.0,0.0,0.882,0.118,0.0,0.0,1.0,1.0
2024-11-20,1,0.0,0.0,0.567,0.433,0.0,0.0,2.0,1.0
2024-11-20,2,0.0,0.0,0.754,0.246,0.0,0.0,1.0,1.0
2024-11-20,3,0.118,0.0,0.498,0.384,1.0,0.0,2.0,1.0
2024-11-20,4,0.0,0.0,1.0,0.0,0.0,0.0,1.0,0.0
2024-11-20,5,0.0,0.0,0.37,0.63,0.0,0.0,2.0,1.0
2024-11-20,6,0.0,0.0,1.0,0.0,0.0,0.0,1.0,0.0
2024-11-20,7,0.0,0.0,1.0,0.0,0.0,0.0,1.0,0.0
2024-11-20,8,0.03,0.0,0.97,0.0,1.0,0.0,1.0,0.0
2024-11-20,9,1.0,0.0,0.0,0.0,1.0,0.0,0.0,0.0
2024-11-20,10,1.0,0.0,0.0,0.0,1.0,0.0,0.0,0.0
2024-11-20,11,1.0,0.0,0.0,0.0,1.0,0.0,0.0,0.0
2024-11-20,12,1.0,0.0,0.0,0.0,1.0,0.0,0.0,0.0
2024-11-20,13,0.449,0.551,0.0,0.0,2.0,1.0,0.0,0.0
2024-11-20,14,0.4,0.6,0.0,0.0,1.0,1.0,0.0,0.0
2024-11-20,15,0.0,0.738,0.105,0.157,0.0,1.0,3.0,2.0
2024-11-20,16,0.079,0.0,0.37,0.551,1.0,0.0,5.0,2.0
2024-11-20,17,0.295,0.0,0.311,0.393,2.0,0.0,3.0,2.0
2024-11-20,18,0.138,0.0,0.315,0.548,3.0,0.0,3.0,1.0
2024-11-20,19,0.0,0.0,0.511,0.489,0.0,0.0,1.0,2.0
2024-11-20,20,0.275,0.0,0.393,0.331,2.0,0.0,3.0,2.0
2024-11-20,21,0.0,0.0,0.472,0.528,0.0,0.0,1.0,2.0
2024-11-20,22,0.0,0.0,0.613,0.387,0.0,0.0,1.0,1.0
2024-11-20,23,0.0,0.0,0.41,0.59,0.0,0.0,2.0,2.0
2024-11-21,0,0.0,0.0,0.63,0.37,0.0,0.0,1.0,1.0
2024-11-21,1,0.0,0.0,0.387,0.613,0.0,0.0,1.0,1.0
2024-11-21,2,0.0,0.0,1.0,0.0,0.0,0.0,1.0,0.0
2024-11-21,3,0.0,0.0,0.502,0.498,0.0,0.0,1.0,1.0
2024-11-21,4,0.0,0.0,0.672,0.328,0.0,0.0,1.0,1.0
2024-11-21,5,0.0,0.0,0.705,0.295,0.0,0.0,1.0,1.0
2024-11-21,6,0.157,0.0,0.508,0.334,1.0,0.0,2.0,1.0
2024-11-21,7,0.839,0.0,0.161,0.0,2.0,0.0,2.0,0.0
2024-11-21,8,0.97,0.0,0.03,0.0,1.0,0.0,1.0,0.0
2024-11-21,9,0.321,0.0,0.167,0.511,1.0,0.0,2.0,1.0
2024-11-21,10,0.843,0.157,0.0,0.0,3.0,2.0,0.0,0.0
2024-11-21,11,1.0,0.0,0.0,0.0,1.0,0.0,0.0,0.0
2024-11-21,12,0.393,0.275,0.118,0.213,3.0,2.0,1.0,1.0
2024-11-21,13,0.472,0.118,0.151,0.259,1.0,1.0,1.0,1.0
2024-11-21,14,0.0,0.0,0.607,0.393,0.0,0.0,2.0,1.0
2024-11-21,15,0.197,0.157,0.41,0.236,3.0,1.0,4.0,1.0
2024-11-21,16,0.0,0.275,0.725,0.0,0.0,2.0,3.0,0.0
2024-11-21,17,0.236,0.039,0.725,0.0,3.0,1.0,4.0,0.0
2024-11-21,18,0.118,0.0,0.489,0.393,1.0,0.0,2.0,1.0
2024-11-21,19,0.079,0.0,0.397,0.525,1.0,0.0,2.0,1.0
2024-11-21,20,0.0,0.0,0.974,0.026,0.0,0.0,1.0,1.0
2024-11-21,21,0.0,0.0,0.489,0.511,0.0,0.0,2.0,1.0
2024-11-21,22,0.0,0.0,0.662,0.338,0.0,0.0,1.0,1.0
2024-11-21,23,0.0,0.0,0.866,0.134,0.0,0.0,2.0,1.0
2024-11-26,0,0.0,0.0,0.213,0.787,0.0,0.0,2.0,1.0
2024-11-26,1,0.0,0.0,1.0,0.0,0.0,0.0,1.0,0.0
2024-11-26,2,0.0,0.0,0.872,0.128,0.0,0.0,1.0,1.0
2024-11-26,3,0.0,0.0,0.302,0.698,0.0,0.0,1.0,1.0
2024-11-26,4,0.0,0.0,1.0,0.0,0.0,0.0,1.0,0.0
2024-11-26,5,0.0,0.0,1.0,0.0,0.0,0.0,1.0,0.0
2024-11-26,6,0.0,0.0,0.528,0.472,0.0,0.0,2.0,1.0
2024-11-26,7,0.0,0.0,1.0,0.0,0.0,0.0,1.0,0.0
2024-11-26,8,0.0,0.0,1.0,0.0,0.0,0.0,1.0,0.0
2024-11-26,9,0.551,0.0,0.449,0.0,2.0,0.0,3.0,0.0
2024-11-26,10,0.928,0.0,0.033,0.039,3.0,0.0,1.0,1.0
2024-11-26,11,1.0,0.0,0.0,0.0,2.0,0.0,0.0,0.0
2024-11-26,12,0.551,0.449,0.0,0.0,1.0,1.0,0.0,0.0
2024-11-26,13,0.82,0.18,0.0,0.0,1.0,1.0,0.0,0.0
2024-11-26,14,0.715,0.285,0.0,0.0,2.0,2.0,0.0,0.0
2024-11-26,15,0.0,0.62,0.315,0.066,0.0,3.0,3.0,1.0
2024-11-26,16,0.039,0.0,0.397,0.564,1.0,0.0,3.0,2.0
2024-11-26,17,0.197,0.0,0.803,0.0,3.0,0.0,4.0,0.0
2024-11-26,18,0.0,0.0,0.607,0.393,0.0,0.0,3.0,2.0
2024-11-26,19,0.17,0.0,0.318,0.511,3.0,0.0,4.0,1.0
2024-11-26,20,0.105,0.0,0.541,0.354,2.0,0.0,2.0,1.0
2024-11-26,21,0.197,0.0,0.528,0.275,2.0,0.0,4.0,3.0
2024-11-26,22,0.039,0.0,0.646,0.315,1.0,0.0,5.0,3.0
2024-11-26,23,0.0,0.0,0.567,0.433,0.0,0.0,2.0,1.0
2024-11-28,0,0.0,0.0,0.921,0.079,0.0,0.0,1.0,1.0
2024-11-28,1,0.079,0.0,0.567,0.354,1.0,0.0,3.0,1.0
2024-11-28,2,0.0,0.0,0.489,0.511,0.0,0.0,2.0,1.0
2024-11-28,3,0.0,0.0,0.816,0.184,0.0,0.0,1.0,1.0
2024-11-28,4,0.0,0.0,0.633,0.367,0.0,0.0,1.0,1.0
2024-11-28,5,0.0,0.0,0.39,0.61,0.0,0.0,1.0,1.0
2024-11-28,6,0.0,0.0,0.98,0.02,0.0,0.0,1.0,1.0
2024-11-28,7,0.0,0.0,1.0,0.0,0.0,0.0,1.0,0.0
2024-11-28,8,0.816,0.0,0.184,0.0,1.0,0.0,1.0,0.0
2024-11-28,9,1.0,0.0,0.0,0.0,1.0,0.0,0.0,0.0
2024-11-28,10,1.0,0.0,0.0,0.0,1.0,0.0,0.0,0.0
2024-11-28,11,0.646,0.0,0.079,0.275,1.0,0.0,2.0,1.0
2024-11-28,12,0.921,0.039,0.039,0.0,2.0,1.0,1.0,0.0
2024-11-28,13,0.889,0.111,0.0,0.0,1.0,1.0,0.0,0.0
2024-11-28,14,0.0,0.636,0.207,0.157,0.0,2.0,2.0,1.0
2024-11-28,15,0.0,0.774,0.187,0.039,0.0,5.0,4.0,1.0
2024-11-28,16,0.83,0.17,0.0,0.0,3.0,2.0,0.0,0.0
2024-11-28,17,0.882,0.0,0.039,0.079,2.0,0.0,1.0,1.0
2024-11-28,18,0.489,0.0,0.157,0.354,3.0,0.0,3.0,2.0
2024-11-28,19,0.003,0.0,0.275,0.721,1.0,0.0,1.0,1.0
2024-11-28,20,0.039,0.0,0.708,0.252,1.0,0.0,2.0,2.0
2024-11-28,21,0.0,0.0,0.439,0.561,0.0,0.0,1.0,1.0
2024-11-28,22,0.0,0.0,0.292,0.708,0.0,0.0,2.0,1.0
2024-11-28,23,0.0,0.0,0.646,0.354,0.0,0.0,1.0,2.0
2024-11-29,0,0.0,0.0,0.646,0.354,0.0,0.0,1.0,1.0
2024-11-29,1,0.0,0.0,0.528,0.472,0.0,0.0,2.0,1.0
2024-11-29,2,0.0,0.0,0.872,0.128,0.0,0.0,1.0,1.0
2024-11-29,3,0.0,0.0,0.498,0.502,0.0,0.0,1.0,1.0
2024-11-29,4,0.039,0.0,0.803,0.157,1.0,0.0,2.0,1.0
2024-11-29,5,0.039,0.0,0.587,0.374,1.0,0.0,2.0,1.0
2024-11-29,6,0.0,0.0,0.862,0.138,0.0,0.0,1.0,1.0
2024-11-29,7,0.0,0.0,1.0,0.0,0.0,0.0,1.0,0.0
2024-11-29,8,0.0,0.0,0.41,0.59,0.0,0.0,3.0,2.0
2024-11-29,9,0.833,0.0,0.167,0.0,1.0,0.0,1.0,0.0
2024-11-29,10,0.725,0.0,0.197,0.079,3.0,0.0,1.0,1.0
2024-11-29,11,0.725,0.0,0.157,0.118,2.0,0.0,1.0,1.0
2024-11-29,12,0.961,0.039,0.0,0.0,2.0,1.0,0.0,0.0
2024-11-29,13,1.0,0.0,0.0,0.0,1.0,0.0,0.0,0.0
2024-11-29,14,1.0,0.0,0.0,0.0,1.0,0.0,0.0,0.0
2024-11-29,15,0.384,0.538,0.079,0.0,2.0,3.0,1.0,0.0
2024-11-29,16,0.83,0.17,0.0,0.0,1.0,1.0,0.0,0.0
2024-11-29,17,0.115,0.885,0.0,0.0,2.0,2.0,0.0,0.0
2024-11-29,18,0.039,0.256,0.311,0.393,1.0,2.0,3.0,2.0
2024-11-29,19,0.0,0.0,0.37,0.63,0.0,0.0,2.0,1.0
2024-11-29,20,0.0,0.0,0.331,0.669,0.0,0.0,2.0,1.0
2024-11-29,21,0.0,0.0,0.6,0.4,0.0,0.0,1.0,1.0
2024-11-29,22,0.0,0.0,0.472,0.528,0.0,0.0,1.0,2.0
2024-11-29,23,0.0,0.0,0.59,0.41,0.0,0.0,1.0,3.0
2024-11-30,0,0.0,0.0,0.292,0.708,0.0,0.0,1.0,1.0
2024-11-30,1,0.0,0.0,0.889,0.111,0.0,0.0,1.0,1.0
2024-11-30,2,0.0,0.0,0.403,0.597,0.0,0.0,1.0,1.0
2024-11-30,3,0.0,0.0,0.567,0.433,0.0,0.0,2.0,1.0
2024-11-30,4,0.0,0.0,0.567,0.433,0.0,0.0,2.0,1.0
2024-11-30,5,0.0,0.0,0.744,0.256,0.0,0.0,3.0,3.0
2024-11-30,6,0.236,0.0,0.626,0.138,1.0,0.0,1.0,1.0
2024-11-30,7,0.0,0.0,0.436,0.564,0.0,0.0,2.0,2.0
2024-11-30,8,0.895,0.0,0.079,0.026,2.0,0.0,2.0,1.0
2024-11-30,9,0.246,0.0,0.754,0.0,2.0,0.0,2.0,0.0
2024-11-30,10,0.416,0.0,0.584,0.0,4.0,0.0,3.0,0.0
2024-11-30,11,1.0,0.0,0.0,0.0,1.0,0.0,0.0,0.0
2024-11-30,12,0.472,0.0,0.449,0.079,1.0,0.0,2.0,1.0
2024-11-30,13,0.63,0.033,0.338,0.0,2.0,1.0,2.0,0.0
2024-11-30,14,0.993,0.007,0.0,0.0,1.0,1.0,0.0,0.0
2024-11-30,15,1.0,0.0,0.0,0.0,1.0,0.0,0.0,0.0
2024-11-30,16,1.0,0.0,0.0,0.0,1.0,0.0,0.0,0.0
2024-11-30,17,1.0,0.0,0.0,0.0,1.0,0.0,0.0,0.0
2024-11-30,18,0.689,0.079,0.0,0.233,3.0,2.0,0.0,1.0
2024-11-30,19,0.0,0.0,0.17,0.83,0.0,0.0,1.0,1.0
2024-11-30,20,0.0,0.0,0.449,0.551,0.0,0.0,2.0,1.0
2024-11-30,21,0.118,0.0,0.364,0.518,1.0,0.0,2.0,1.0
2024-11-30,22,0.079,0.0,0.63,0.292,1.0,0.0,1.0,2.0
2024-11-30,23,0.0,0.0,0.511,0.489,0.0,0.0,1.0,2.0
2024-12-01,0,0.0,0.0,0.315,0.685,0.0,0.0,1.0,1.0
2024-12-01,1,0.0,0.0,0.59,0.41,0.0,0.0,1.0,2.0
2024-12-01,2,0.0,0.0,0.561,0.439,0.0,0.0,1.0,1.0
2024-12-01,3,0.0,0.0,0.384,0.616,0.0,0.0,1.0,1.0
2024-12-01,4,0.0,0.0,0.944,0.056,0.0,0.0,1.0,2.0
2024-12-01,5,0.0,0.0,0.492,0.508,0.0,0.0,1.0,1.0
2024-12-01,6,0.079,0.0,0.885,0.036,1.0,0.0,2.0,1.0
2024-12-01,7,0.118,0.0,0.485,0.397,2.0,0.0,3.0,1.0
2024-12-01,8,0.079,0.0,0.921,0.0,1.0,0.0,2.0,0.0
2024-12-01,9,0.4,0.0,0.6,0.0,3.0,0.0,3.0,0.0
2024-12-01,10,1.0,0.0,0.0,0.0,1.0,0.0,0.0,0.0
2024-12-01,11,1.0,0.0,0.0,0.0,1.0,0.0,0.0,0.0
2024-12-01,12,1.0,0.0,0.0,0.0,1.0,0.0,0.0,0.0
2024-12-01,13,0.967,0.033,0.0,0.0,1.0,1.0,0.0,0.0
2024-12-01,14,0.482,0.046,0.118,0.354,2.0,1.0,1.0,1.0
2024-12-01,15,0.502,0.0,0.498,0.0,3.0,0.0,3.0,0.0
2024-12-01,16,0.633,0.0,0.367,0.0,3.0,0.0,3.0,0.0
2024-12-01,17,0.823,0.079,0.098,0.0,2.0,1.0,2.0,0.0
2024-12-01,18,0.039,0.157,0.374,0.43,1.0,2.0,3.0,2.0
2024-12-01,19,0.0,0.0,0.433,0.567,0.0,0.0,1.0,2.0
2024-12-01,20,0.0,0.0,0.63,0.37,0.0,0.0,1.0,2.0
2024-12-01,21,0.715,0.0,0.039,0.246,1.0,0.0,1.0,1.0
2024-12-01,22,0.072,0.0,0.18,0.748,1.0,0.0,2.0,1.0
2024-12-01,23,0.0,0.0,0.685,0.315,0.0,0.0,2.0,1.0
2024-12-02,0,0.039,0.0,0.511,0.449,1.0,0.0,2.0,2.0
2024-12-02,1,0.315,0.0,0.315,0.37,1.0,0.0,1.0,2.0
2024-12-02,2,0.0,0.0,0.561,0.439,0.0,0.0,1.0,1.0
2024-12-02,3,0.0,0.0,0.331,0.669,0.0,0.0,2.0,1.0
2024-12-02,4,0.0,0.0,0.528,0.472,0.0,0.0,2.0,1.0
2024-12-02,5,0.02,0.0,0.98,0.0,1.0,0.0,1.0,0.0
2024-12-02,6,0.764,0.0,0.236,0.0,3.0,0.0,2.0,0.0
2024-12-02,7,0.292,0.0,0.157,0.551,2.0,0.0,2.0,1.0
2024-12-02,8,0.961,0.0,0.0,0.039,2.0,0.0,0.0,1.0
2024-12-02,9,0.561,0.046,0.157,0.236,2.0,1.0,1.0,1.0
2024-12-02,10,0.613,0.23,0.157,0.0,4.0,3.0,2.0,0.0
2024-12-02,11,0.685,0.0,0.315,0.0,3.0,0.0,2.0,0.0
2024-12-02,12,0.252,0.039,0.315,0.393,2.0,1.0,2.0,1.0
2024-12-02,13,0.652,0.275,0.072,0.0,2.0,2.0,1.0,0.0
2024-12-02,14,0.0,0.079,0.567,0.354,0.0,1.0,3.0,1.0
2024-12-02,15,0.0,0.0,0.541,0.459,0.0,0.0,1.0,1.0
2024-12-02,16,0.593,0.0,0.275,0.131,2.0,0.0,2.0,1.0
2024-12-02,17,0.567,0.039,0.275,0.118,4.0,1.0,3.0,1.0
2024-12-02,18,0.138,0.0,0.275,0.587,2.0,0.0,1.0,2.0
2024-12-02,19,0.0,0.0,0.748,0.252,0.0,0.0,1.0,2.0
2024-12-02,20,0.0,0.0,0.541,0.459,0.0,0.0,1.0,1.0
2024-12-02,21,0.0,0.0,0.449,0.551,0.0,0.0,2.0,1.0
2024-12-02,22,0.0,0.0,0.23,0.77,0.0,0.0,1.0,1.0
2024-12-02,23,0.0,0.0,0.944,0.056,0.0,0.0,1.0,2.0
2024-12-03,0,0.0,0.0,0.252,0.748,0.0,0.0,2.0,1.0
2024-12-03,1,0.0,0.0,0.928,0.072,0.0,0.0,1.0,1.0
2024-12-03,2,0.0,0.0,0.403,0.597,0.0,0.0,1.0,1.0
2024-12-03,3,0.0,0.0,0.738,0.262,0.0,0.0,1.0,1.0
2024-12-03,4,0.0,0.0,0.475,0.525,0.0,0.0,1.0,1.0
2024-12-03,5,0.0,0.0,1.0,0.0,0.0,0.0,1.0,0.0
2024-12-03,6,0.351,0.0,0.177,0.472,2.0,0.0,2.0,1.0
2024-12-03,7,0.003,0.0,0.866,0.131,1.0,0.0,1.0,1.0
2024-12-03,8,0.0,0.0,0.777,0.223,0.0,0.0,1.0,2.0
2024-12-03,9,0.046,0.0,0.954,0.0,1.0,0.0,1.0,0.0
2024-12-03,10,1.0,0.0,0.0,0.0,2.0,0.0,0.0,0.0
2024-12-03,11,1.0,0.0,0.0,0.0,1.0,0.0,0.0,0.0
2024-12-03,12,0.646,0.0,0.157,0.197,2.0,0.0,1.0,1.0
2024-12-03,13,0.613,0.0,0.079,0.308,2.0,0.0,2.0,1.0
2024-12-03,14,0.197,0.0,0.354,0.449,1.0,0.0,1.0,2.0
2024-12-03,15,0.0,0.0,0.433,0.567,0.0,0.0,1.0,2.0
2024-12-03,16,0.593,0.0,0.0,0.407,1.0,0.0,0.0,1.0
2024-12-03,17,0.43,0.079,0.275,0.216,2.0,1.0,2.0,1.0
2024-12-03,18,0.0,0.0,0.705,0.295,0.0,0.0,2.0,2.0
2024-12-03,19,0.0,0.0,0.292,0.708,0.0,0.0,3.0,2.0
2024-12-03,20,0.0,0.0,0.607,0.393,0.0,0.0,2.0,1.0
2024-12-03,21,0.039,0.0,0.639,0.321,1.0,0.0,2.0,1.0
2024-12-03,22,0.0,0.0,0.748,0.252,0.0,0.0,1.0,2.0
2024-12-03,23,0.0,0.0,0.393,0.607,0.0,0.0,2.0,1.0
2024-12-04,0,0.0,0.0,0.984,0.016,0.0,0.0,1.0,1.0
2024-12-04,1,0.0,0.0,0.466,0.534,0.0,0.0,1.0,1.0
2024-12-04,2,0.0,0.0,0.715,0.285,0.0,0.0,1.0,1.0
2024-12-04,3,0.0,0.0,0.734,0.266,0.0,0.0,1.0,1.0
2024-12-04,4,0.0,0.0,1.0,0.0,0.0,0.0,1.0,0.0
2024-12-04,5,0.0,0.0,0.902,0.098,0.0,0.0,1.0,1.0
2024-12-04,6,0.0,0.0,0.784,0.216,0.0,0.0,2.0,2.0
2024-12-04,7,0.0,0.0,1.0,0.0,0.0,0.0,1.0,0.0
2024-12-04,8,0.236,0.039,0.725,0.0,3.0,1.0,4.0,0.0
2024-12-04,9,0.236,0.0,0.764,0.0,1.0,0.0,2.0,0.0
2024-12-04,10,0.338,0.0,0.662,0.0,3.0,0.0,3.0,0.0
2024-12-04,11,0.607,0.0,0.393,0.0,3.0,0.0,3.0,0.0
2024-12-04,12,0.37,0.0,0.63,0.0,3.0,0.0,2.0,0.0
2024-12-04,13,0.298,0.0,0.702,0.0,1.0,0.0,1.0,0.0
2024-12-04,14,0.708,0.0,0.292,0.0,3.0,0.0,4.0,0.0
2024-12-04,15,0.236,0.0,0.502,0.262,1.0,0.0,3.0,2.0
2024-12-04,16,0.475,0.0,0.472,0.052,2.0,0.0,2.0,1.0
2024-12-04,17,0.587,0.0,0.315,0.098,2.0,0.0,2.0,1.0
2024-12-04,18,0.0,0.0,0.472,0.528,0.0,0.0,1.0,2.0
2024-12-04,19,0.0,0.0,0.446,0.554,0.0,0.0,1.0,1.0
2024-12-04,20,0.0,0.0,0.262,0.738,0.0,0.0,1.0,1.0
2024-12-04,21,0.0,0.0,0.951,0.049,0.0,0.0,1.0,1.0
2024-12-04,22,0.0,0.0,0.764,0.236,0.0,0.0,3.0,2.0
2024-12-04,23,0.0,0.0,0.803,0.197,0.0,0.0,3.0,1.0
2024-12-05,0,0.0,0.0,0.607,0.393,0.0,0.0,2.0,1.0
2024-12-05,1,0.0,0.0,0.692,0.308,0.0,0.0,1.0,1.0
2024-12-05,2,0.039,0.0,0.954,0.007,1.0,0.0,1.0,1.0
2024-12-05,3,0.0,0.0,0.607,0.393,0.0,0.0,2.0,1.0
2024-12-05,4,0.0,0.082,0.918,0.0,0.0,1.0,1.0,0.0
2024-12-05,5,0.0,0.075,0.275,0.649,0.0,1.0,1.0,1.0
2024-12-05,6,0.154,0.157,0.551,0.138,1.0,1.0,2.0,3.0
2024-12-05,7,1.0,0.0,0.0,0.0,1.0,0.0,0.0,0.0
2024-12-05,8,0.42,0.0,0.315,0.266,1.0,0.0,1.0,1.0
2024-12-05,9,0.0,0.0,0.636,0.364,0.0,0.0,1.0,1.0
2024-12-05,10,0.63,0.0,0.134,0.236,1.0,0.0,2.0,1.0
2024-12-05,11,0.944,0.0,0.056,0.0,1.0,0.0,1.0,0.0
2024-12-05,12,0.393,0.0,0.016,0.59,1.0,0.0,1.0,1.0
2024-12-05,13,0.19,0.0,0.81,0.0,1.0,0.0,1.0,0.0
2024-12-05,14,0.361,0.079,0.403,0.157,3.0,1.0,3.0,2.0
2024-12-05,15,0.105,0.118,0.305,0.472,1.0,1.0,2.0,1.0
2024-12-05,16,1.0,0.0,0.0,0.0,1.0,0.0,0.0,0.0
2024-12-05,17,1.0,0.0,0.0,0.0,1.0,0.0,0.0,0.0
2024-12-05,18,0.767,0.039,0.0,0.193,1.0,1.0,0.0,1.0
2024-12-05,19,0.407,0.039,0.0,0.554,2.0,1.0,0.0,1.0
2024-12-05,20,0.144,0.0,0.305,0.551,1.0,0.0,2.0,1.0
2024-12-05,21,0.0,0.0,0.528,0.472,0.0,0.0,2.0,1.0
2024-12-05,22,0.0,0.0,0.662,0.338,0.0,0.0,1.0,1.0
2024-12-05,23,0.079,0.0,0.669,0.252,1.0,0.0,2.0,1.0
2024-12-07,0,0.354,0.0,0.157,0.489,1.0,0.0,1.0,2.0
2024-12-07,1,0.151,0.0,0.0,0.849,1.0,0.0,0.0,1.0
2024-12-07,2,0.282,0.0,0.315,0.403,1.0,0.0,1.0,1.0
2024-12-07,3,0.0,0.0,0.538,0.462,0.0,0.0,1.0,1.0
2024-12-07,4,0.0,0.0,0.289,0.711,0.0,0.0,1.0,1.0
2024-12-07,5,0.0,0.0,0.748,0.252,0.0,0.0,1.0,2.0
2024-12-07,6,0.039,0.0,0.666,0.295,1.0,0.0,2.0,1.0
2024-12-07,7,0.039,0.0,0.528,0.433,1.0,0.0,3.0,1.0
2024-12-07,8,0.0,0.0,1.0,0.0,0.0,0.0,1.0,0.0
2024-12-07,9,0.439,0.0,0.561,0.0,1.0,0.0,1.0,0.0
2024-12-07,10,0.623,0.0,0.197,0.18,1.0,0.0,1.0,1.0
2024-12-07,11,0.59,0.0,0.039,0.37,1.0,0.0,1.0,2.0
2024-12-07,12,0.905,0.0,0.095,0.0,2.0,0.0,2.0,0.0
2024-12-07,13,0.426,0.118,0.141,0.315,3.0,2.0,2.0,1.0
2024-12-07,14,0.449,0.0,0.236,0.315,2.0,0.0,1.0,1.0
2024-12-07,15,0.03,0.0,0.498,0.472,1.0,0.0,2.0,1.0
2024-12-07,16,0.161,0.0,0.485,0.354,2.0,0.0,4.0,2.0
2024-12-07,17,0.272,0.0,0.728,0.0,3.0,0.0,3.0,0.0
2024-12-07,18,0.079,0.0,0.252,0.669,1.0,0.0,3.0,1.0
2024-12-07,19,0.0,0.0,0.449,0.551,0.0,0.0,2.0,1.0
2024-12-07,20,0.0,0.0,0.892,0.108,0.0,0.0,1.0,1.0
2024-12-07,21,0.0,0.0,0.557,0.443,0.0,0.0,1.0,1.0
2024-12-07,22,0.0,0.0,0.764,0.236,0.0,0.0,2.0,1.0
2024-12-07,23,0.0,0.0,0.685,0.315,0.0,0.0,1.0,2.0
2024-12-09,0,0.0,0.0,0.551,0.449,0.0,0.0,1.0,1.0
2024-12-09,1,0.0,0.0,0.78,0.22,0.0,0.0,1.0,1.0
2024-12-09,2,0.0,0.0,0.567,0.433,0.0,0.0,2.0,1.0
2024-12-09,3,0.0,0.0,1.0,0.0,0.0,0.0,1.0,0.0
2024-12-09,4,0.0,0.0,1.0,0.0,0.0,0.0,1.0,0.0
2024-12-09,5,0.0,0.0,0.528,0.472,0.0,0.0,2.0,1.0
2024-12-09,6,0.0,0.0,1.0,0.0,0.0,0.0,1.0,0.0
2024-12-09,7,0.0,0.0,1.0,0.0,0.0,0.0,1.0,0.0
2024-12-09,8,0.039,0.0,0.961,0.0,1.0,0.0,2.0,0.0
2024-12-09,9,0.99,0.0,0.01,0.0,1.0,0.0,1.0,0.0
2024-12-09,10,1.0,0.0,0.0,0.0,1.0,0.0,0.0,0.0
2024-12-09,11,1.0,0.0,0.0,0.0,1.0,0.0,1.0,0.0
2024-12-09,12,0.354,0.056,0.59,0.0,1.0,1.0,1.0,0.0
2024-12-09,13,0.898,0.102,0.0,0.0,1.0,1.0,0.0,0.0
2024-12-09,14,0.282,0.521,0.197,0.0,2.0,3.0,1.0,0.0
2024-12-09,15,0.0,0.108,0.498,0.393,0.0,1.0,2.0,1.0
2024-12-09,16,0.157,0.0,0.446,0.397,1.0,0.0,2.0,2.0
2024-12-09,17,0.039,0.0,0.61,0.351,1.0,0.0,1.0,1.0
2024-12-09,18,0.079,0.0,0.174,0.748,1.0,0.0,2.0,1.0
2024-12-09,19,0.0,0.0,0.475,0.525,0.0,0.0,1.0,1.0
2024-12-09,20,0.0,0.0,0.738,0.262,0.0,0.0,1.0,1.0
2024-12-09,21,0.0,0.0,0.331,0.669,0.0,0.0,2.0,1.0
2024-12-09,22,0.0,0.0,1.0,0.0,0.0,0.0,1.0,0.0
2024-12-09,23,0.0,0.0,0.489,0.511,0.0,0.0,3.0,1.0
2024-12-10,0,0.157,0.0,0.748,0.095,1.0,0.0,2.0,1.0
2024-12-10,1,0.039,0.0,0.426,0.534,1.0,0.0,1.0,1.0
2024-12-10,2,0.0,0.0,1.0,0.0,0.0,0.0,1.0,0.0
2024-12-10,3,0.0,0.0,0.698,0.302,0.0,0.0,1.0,1.0
2024-12-10,4,0.0,0.0,0.711,0.289,0.0,0.0,1.0,1.0
2024-12-10,5,0.0,0.0,1.0,0.0,0.0,0.0,1.0,0.0
2024-12-10,6,0.98,0.0,0.02,0.0,1.0,0.0,1.0,0.0
2024-12-10,7,1.0,0.0,0.0,0.0,1.0,0.0,0.0,0.0
2024-12-10,8,0.656,0.0,0.079,0.266,2.0,0.0,1.0,2.0
2024-12-10,9,0.046,0.0,0.039,0.915,1.0,0.0,1.0,1.0
2024-12-10,10,1.0,0.0,0.0,0.0,1.0,0.0,0.0,0.0
2024-12-10,11,0.528,0.0,0.118,0.354,2.0,0.0,2.0,3.0
2024-12-10,12,0.882,0.0,0.0,0.118,1.0,0.0,0.0,1.0
2024-12-10,13,0.613,0.269,0.118,0.0,1.0,2.0,1.0,0.0
2024-12-10,14,0.049,0.007,0.551,0.393,1.0,1.0,2.0,1.0
2024-12-10,15,0.541,0.0,0.197,0.262,3.0,0.0,3.0,1.0
2024-12-10,16,0.079,0.0,0.708,0.213,1.0,0.0,2.0,2.0
2024-12-10,17,0.0,0.039,0.767,0.193,0.0,1.0,2.0,1.0
2024-12-10,18,0.0,0.0,0.02,0.98,0.0,0.0,1.0,1.0
2024-12-10,19,0.0,0.0,0.63,0.37,0.0,0.0,1.0,2.0
2024-12-10,20,0.0,0.0,0.698,0.302,0.0,0.0,1.0,1.0
2024-12-10,21,0.0,0.0,0.567,0.433,0.0,0.0,2.0,1.0
2024-12-10,22,0.0,0.0,1.0,0.0,0.0,0.0,1.0,0.0
2024-12-10,23,0.0,0.0,0.882,0.118,0.0,0.0,3.0,1.0
2024-12-11,0,0.039,0.0,0.331,0.63,1.0,0.0,2.0,1.0
2024-12-11,1,0.236,0.0,0.764,0.0,2.0,0.0,3.0,0.0
2024-12-11,2,0.0,0.0,0.793,0.207,0.0,0.0,1.0,1.0
2024-12-11,3,0.0,0.0,0.577,0.423,0.0,0.0,1.0,1.0
2024-12-11,4,0.0,0.0,0.803,0.197,0.0,0.0,2.0,1.0
2024-12-11,5,0.0,0.0,1.0,0.0,0.0,0.0,1.0,0.0
2024-12-11,6,0.315,0.0,0.685,0.0,5.0,0.0,6.0,0.0
2024-12-11,7,0.157,0.0,0.843,0.0,3.0,0.0,4.0,0.0
2024-12-11,8,0.03,0.0,0.931,0.039,1.0,0.0,2.0,1.0
2024-12-11,9,1.0,0.0,0.0,0.0,1.0,0.0,0.0,0.0
2024-12-11,10,1.0,0.0,0.0,0.0,1.0,0.0,0.0,0.0
2024-12-11,11,0.528,0.275,0.197,0.0,3.0,2.0,2.0,0.0
2024-12-11,12,0.489,0.0,0.0,0.511,2.0,0.0,0.0,1.0
2024-12-11,13,0.81,0.0,0.079,0.111,1.0,0.0,1.0,1.0
2024-12-11,14,0.551,0.197,0.236,0.016,1.0,2.0,2.0,2.0
2024-12-11,15,0.197,0.197,0.144,0.462,1.0,1.0,1.0,1.0
2024-12-11,16,0.0,0.0,0.567,0.433,0.0,0.0,2.0,1.0
2024-12-11,17,0.118,0.0,0.528,0.354,1.0,0.0,2.0,1.0
2024-12-11,18,0.0,0.0,0.252,0.748,0.0,0.0,2.0,1.0
2024-12-11,19,0.0,0.0,0.318,0.682,0.0,0.0,1.0,1.0
2024-12-11,20,0.0,0.0,0.669,0.331,0.0,0.0,1.0,2.0
2024-12-11,21,0.039,0.0,0.321,0.639,1.0,0.0,2.0,1.0
2024-12-11,22,0.0,0.0,0.426,0.574,0.0,0.0,1.0,1.0
2024-12-11,23,0.0,0.0,0.866,0.134,0.0,0.0,1.0,2.0
2024-12-12,0,0.0,0.0,0.449,0.551,0.0,0.0,2.0,1.0
2024-12-12,1,0.0,0.0,0.81,0.19,0.0,0.0,1.0,1.0
2024-12-12,2,0.0,0.0,0.718,0.282,0.0,0.0,1.0,1.0
2024-12-12,3,0.0,0.0,0.856,0.144,0.0,0.0,1.0,1.0
2024-12-12,4,0.0,0.0,0.475,0.525,0.0,0.0,1.0,1.0
2024-12-12,5,0.0,0.0,1.0,0.0,0.0,0.0,1.0,0.0
2024-12-12,6,0.0,0.0,1.0,0.0,0.0,0.0,1.0,0.0
2024-12-12,7,0.0,0.0,0.685,0.315,0.0,0.0,2.0,1.0
2024-12-12,8,0.0,0.0,0.803,0.197,0.0,0.0,2.0,1.0
2024-12-12,9,0.0,0.0,1.0,0.0,0.0,0.0,1.0,0.0
2024-12-12,10,0.338,0.0,0.662,0.0,1.0,0.0,1.0,0.0
2024-12-12,11,1.0,0.0,0.0,0.0,1.0,0.0,0.0,0.0
2024-12-12,12,1.0,0.0,0.0,0.0,1.0,0.0,0.0,0.0
2024-12-12,13,0.889,0.0,0.0,0.111,1.0,0.0,0.0,1.0
2024-12-12,14,0.679,0.0,0.0,0.321,1.0,0.0,0.0,1.0
2024-12-12,15,0.882,0.0,0.118,0.0,2.0,0.0,1.0,0.0
2024-12-12,16,0.213,0.197,0.197,0.393,3.0,1.0,3.0,2.0
2024-12-12,17,0.036,0.0,0.334,0.63,1.0,0.0,2.0,1.0
2024-12-12,18,0.315,0.0,0.295,0.39,3.0,0.0,4.0,1.0
2024-12-12,19,0.0,0.0,0.63,0.37,0.0,0.0,1.0,2.0
2024-12-12,20,0.0,0.0,0.108,0.892,0.0,0.0,1.0,1.0
2024-12-12,21,0.0,0.0,0.639,0.361,0.0,0.0,2.0,2.0
2024-12-12,22,0.0,0.0,0.574,0.426,0.0,0.0,1.0,1.0
2024-12-12,23,0.0,0.0,0.607,0.393,0.0,0.0,3.0,1.0
2024-12-13,0,0.0,0.0,0.354,0.646,0.0,0.0,1.0,1.0
2024-12-13,1,0.111,0.0,0.669,0.22,1.0,0.0,1.0,2.0
2024-12-13,2,0.007,0.0,0.59,0.403,1.0,0.0,1.0,1.0
2024-12-13,3,0.0,0.0,0.774,0.226,0.0,0.0,1.0,1.0
2024-12-13,4,0.0,0.0,0.41,0.59,0.0,0.0,2.0,1.0
2024-12-13,5,0.334,0.0,0.626,0.039,1.0,0.0,1.0,1.0
2024-12-13,6,0.961,0.039,0.0,0.0,2.0,1.0,0.0,0.0
2024-12-13,7,1.0,0.0,0.0,0.0,1.0,0.0,0.0,0.0
2024-12-13,8,0.734,0.039,0.0,0.226,2.0,1.0,0.0,1.0
2024-12-13,9,0.085,0.0,0.0,0.915,1.0,0.0,0.0,1.0
2024-12-13,10,1.0,0.0,0.0,0.0,1.0,0.0,0.0,0.0
2024-12-13,11,1.0,0.0,0.0,0.0,1.0,0.0,0.0,0.0
2024-12-13,12,0.607,0.236,0.157,0.0,2.0,2.0,1.0,0.0
2024-12-13,13,0.803,0.0,0.0,0.197,2.0,0.0,0.0,1.0
2024-12-13,14,0.921,0.039,0.039,0.0,3.0,1.0,1.0,0.0
2024-12-13,15,0.541,0.039,0.105,0.315,2.0,1.0,2.0,1.0
2024-12-13,16,0.0,0.0,0.056,0.944,0.0,0.0,2.0,1.0
2024-12-13,17,0.0,0.0,0.528,0.472,0.0,0.0,2.0,1.0
2024-12-13,18,0.079,0.0,0.531,0.39,2.0,0.0,3.0,1.0
2024-12-13,19,0.079,0.0,0.393,0.528,1.0,0.0,1.0,2.0
2024-12-13,20,0.0,0.0,0.502,0.498,0.0,0.0,1.0,1.0
2024-12-13,21,0.0,0.0,0.489,0.511,0.0,0.0,2.0,1.0
2024-12-13,22,0.0,0.0,0.544,0.456,0.0,0.0,1.0,1.0
2024-12-13,23,0.0,0.0,0.787,0.213,0.0,0.0,2.0,1.0
2024-12-14,0,0.0,0.0,0.489,0.511,0.0,0.0,2.0,1.0
2024-12-14,1,0.0,0.0,0.613,0.387,0.0,0.0,1.0,1.0
2024-12-14,2,0.0,0.0,0.797,0.203,0.0,0.0,1.0,1.0
2024-12-14,3,0.0,0.0,0.567,0.433,0.0,0.0,2.0,1.0
2024-12-14,4,0.0,0.0,0.721,0.279,0.0,0.0,1.0,1.0
2024-12-14,5,0.256,0.0,0.315,0.43,1.0,0.0,1.0,1.0
2024-12-14,6,0.961,0.039,0.0,0.0,2.0,1.0,0.0,0.0
2024-12-14,7,0.725,0.0,0.118,0.157,2.0,0.0,1.0,1.0
2024-12-14,8,0.302,0.0,0.157,0.541,1.0,0.0,1.0,1.0
2024-12-14,9,0.675,0.0,0.039,0.285,1.0,0.0,1.0,1.0
2024-12-14,10,0.78,0.079,0.141,0.0,2.0,1.0,1.0,0.0
2024-12-14,11,0.157,0.0,0.292,0.551,1.0,0.0,2.0,1.0
2024-12-14,12,0.921,0.079,0.0,0.0,3.0,2.0,0.0,0.0
2024-12-14,13,0.889,0.0,0.072,0.039,1.0,0.0,1.0,1.0
2024-12-14,14,0.403,0.039,0.007,0.551,2.0,1.0,1.0,1.0
2024-12-14,15,0.961,0.039,0.0,0.0,2.0,1.0,0.0,0.0
2024-12-14,16,0.803,0.197,0.0,0.0,3.0,2.0,0.0,0.0
2024-12-14,17,0.567,0.433,0.0,0.0,2.0,1.0,0.0,0.0
2024-12-14,18,0.059,0.433,0.118,0.39,2.0,2.0,2.0,2.0
2024-12-14,19,0.0,0.0,0.039,0.961,0.0,0.0,1.0,2.0
2024-12-14,20,0.0,0.0,0.59,0.41,0.0,0.0,1.0,2.0
2024-12-14,21,0.0,0.0,0.59,0.41,0.0,0.0,1.0,2.0
2024-12-14,22,0.0,0.0,0.259,0.741,0.0,0.0,1.0,1.0
2024-12-14,23,0.511,0.0,0.489,0.0,1.0,0.0,2.0,0.0
2024-12-15,0,0.039,0.0,0.079,0.882,1.0,0.0,1.0,1.0
2024-12-15,1,0.039,0.0,0.859,0.102,1.0,0.0,2.0,1.0
2024-12-15,2,0.0,0.0,0.607,0.393,0.0,0.0,2.0,1.0
2024-12-15,3,0.0,0.0,1.0,0.0,0.0,0.0,1.0,0.0
2024-12-15,4,0.0,0.0,0.013,0.987,0.0,0.0,1.0,1.0
2024-12-15,5,0.0,0.0,0.925,0.075,0.0,0.0,1.0,1.0
2024-12-15,6,0.43,0.0,0.57,0.0,2.0,0.0,2.0,0.0
2024-12-15,7,0.672,0.0,0.249,0.079,2.0,0.0,3.0,1.0
2024-12-15,8,0.0,0.0,0.41,0.59,0.0,0.0,2.0,1.0
2024-12-15,9,0.675,0.0,0.325,0.0,1.0,0.0,1.0,0.0
2024-12-15,10,1.0,0.0,0.0,0.0,1.0,0.0,0.0,0.0
2024-12-15,11,0.489,0.039,0.039,0.433,2.0,1.0,1.0,1.0
2024-12-15,12,0.685,0.0,0.079,0.236,1.0,0.0,1.0,1.0
2024-12-15,13,0.81,0.0,0.079,0.111,1.0,0.0,1.0,1.0
2024-12-15,14,0.443,0.0,0.197,0.361,1.0,0.0,1.0,1.0
2024-12-15,15,1.0,0.0,0.0,0.0,1.0,0.0,0.0,0.0
2024-12-15,16,0.961,0.039,0.0,0.0,2.0,1.0,0.0,0.0
2024-12-15,17,0.902,0.0,0.079,0.02,1.0,0.0,1.0,1.0
2024-12-15,18,0.0,0.0,0.233,0.767,0.0,0.0,1.0,1.0
2024-12-15,19,0.052,0.0,0.397,0.551,1.0,0.0,2.0,1.0
2024-12-15,20,0.144,0.0,0.433,0.423,3.0,0.0,3.0,1.0
2024-12-15,21,0.0,0.0,0.63,0.37,0.0,0.0,1.0,2.0
2024-12-15,22,0.157,0.0,0.59,0.252,1.0,0.0,2.0,2.0
2024-12-15,23,0.0,0.0,0.551,0.449,1.0,0.0,1.0,1.0
2024-12-16,0,0.0,0.0,1.0,0.0,0.0,0.0,1.0,0.0
2024-12-16,1,0.511,0.0,0.377,0.111,1.0,0.0,1.0,1.0
2024-12-16,2,0.0,0.0,0.089,0.911,0.0,0.0,1.0,1.0
2024-12-16,3,0.0,0.0,1.0,0.0,0.0,0.0,1.0,0.0
2024-12-16,4,0.0,0.0,0.528,0.472,0.0,0.0,2.0,1.0
2024-12-16,5,0.02,0.0,0.98,0.0,1.0,0.0,1.0,0.0
2024-12-16,6,0.607,0.0,0.393,0.0,3.0,0.0,2.0,0.0
2024-12-16,7,1.0,0.0,0.0,0.0,1.0,0.0,0.0,0.0
2024-12-16,8,0.646,0.0,0.118,0.236,2.0,0.0,1.0,1.0
2024-12-16,9,0.639,0.361,0.0,0.0,2.0,2.0,0.0,0.0
2024-12-16,10,0.039,0.348,0.613,0.0,1.0,1.0,1.0,0.0
2024-12-16,11,0.0,0.0,1.0,0.0,0.0,0.0,1.0,0.0
2024-12-16,12,0.472,0.0,0.433,0.095,1.0,0.0,2.0,1.0
2024-12-16,13,0.039,0.0,0.78,0.18,1.0,0.0,1.0,1.0
2024-12-16,14,0.0,0.0,0.764,0.236,0.0,0.0,2.0,1.0
2024-12-16,15,0.433,0.0,0.567,0.0,2.0,0.0,3.0,0.0
2024-12-16,16,0.0,0.0,1.0,0.0,0.0,0.0,1.0,0.0
2024-12-16,17,0.197,0.0,0.803,0.0,2.0,0.0,4.0,0.0
2024-12-16,18,0.079,0.0,0.567,0.354,1.0,0.0,2.0,1.0
2024-12-16,19,0.0,0.0,1.0,0.0,0.0,0.0,1.0,0.0
2024-12-16,20,0.0,0.0,0.725,0.275,0.0,0.0,2.0,1.0
2024-12-16,21,0.0,0.0,1.0,0.0,0.0,0.0,1.0,0.0
2024-12-16,22,0.0,0.0,1.0,0.0,0.0,0.0,1.0,0.0
2024-12-16,23,0.0,0.0,1.0,0.0,0.0,0.0,2.0,0.0
2024-12-17,0,0.0,0.0,0.489,0.511,0.0,0.0,2.0,1.0
2024-12-17,1,0.0,0.0,1.0,0.0,0.0,0.0,1.0,0.0
2024-12-17,2,0.0,0.0,1.0,0.0,0.0,0.0,1.0,0.0
2024-12-17,3,0.0,0.0,0.764,0.236,0.0,0.0,2.0,1.0
2024-12-17,4,0.0,0.0,1.0,0.0,0.0,0.0,1.0,0.0
2024-12-17,5,0.0,0.0,0.803,0.197,0.0,0.0,2.0,1.0
2024-12-17,6,0.0,0.0,1.0,0.0,0.0,0.0,1.0,0.0
2024-12-17,7,0.0,0.0,1.0,0.0,0.0,0.0,1.0,0.0
2024-12-17,8,0.344,0.0,0.656,0.0,1.0,0.0,1.0,0.0
2024-12-17,9,1.0,0.0,0.0,0.0,1.0,0.0,0.0,0.0
2024-12-17,10,1.0,0.0,0.0,0.0,1.0,0.0,0.0,0.0
2024-12-17,11,1.0,0.0,0.0,0.0,1.0,0.0,0.0,0.0
2024-12-17,12,0.944,0.0,0.056,0.0,1.0,0.0,1.0,0.0
2024-12-17,13,0.511,0.0,0.062,0.426,1.0,0.0,2.0,2.0
2024-12-17,14,0.708,0.0,0.167,0.125,2.0,0.0,2.0,1.0
2024-12-17,15,0.38,0.0,0.148,0.472,1.0,0.0,2.0,1.0
2024-12-17,16,0.603,0.121,0.275,0.0,3.0,3.0,2.0,0.0
2024-12-17,17,0.098,0.036,0.669,0.197,1.0,1.0,3.0,2.0
2024-12-17,18,0.216,0.0,0.311,0.472,4.0,0.0,3.0,1.0
2024-12-17,19,0.039,0.0,0.357,0.603,1.0,0.0,2.0,1.0
2024-12-17,20,0.0,0.0,0.826,0.174,0.0,0.0,1.0,2.0
2024-12-17,21,0.0,0.0,0.282,0.718,0.0,0.0,1.0,1.0
2024-12-17,22,0.0,0.0,0.426,0.574,0.0,0.0,1.0,1.0
2024-12-17,23,0.0,0.0,0.905,0.095,0.0,0.0,2.0,1.0
2024-12-19,0,0.0,0.0,0.843,0.157,0.0,0.0,1.0,1.0
2024-12-19,1,0.0,0.0,0.567,0.433,0.0,0.0,2.0,1.0
2024-12-19,2,0.0,0.0,0.449,0.551,0.0,0.0,2.0,1.0
2024-12-19,3,0.0,0.0,0.974,0.026,0.0,0.0,1.0,1.0
2024-12-19,4,0.0,0.0,0.279,0.721,0.0,0.0,1.0,1.0
2024-12-19,5,0.0,0.0,1.0,0.0,0.0,0.0,1.0,0.0
2024-12-19,6,0.0,0.0,0.449,0.551,0.0,0.0,2.0,1.0
2024-12-19,7,0.0,0.0,0.79,0.21,0.0,0.0,2.0,2.0
2024-12-19,8,0.148,0.0,0.59,0.262,1.0,0.0,1.0,1.0
2024-12-19,9,1.0,0.0,0.0,0.0,1.0,0.0,0.0,0.0
2024-12-19,10,1.0,0.0,0.0,0.0,1.0,0.0,0.0,0.0
2024-12-19,11,1.0,0.0,0.0,0.0,1.0,0.0,0.0,0.0
2024-12-19,12,0.646,0.039,0.197,0.118,2.0,1.0,1.0,1.0
2024-12-19,13,1.0,0.0,0.0,0.0,1.0,0.0,0.0,0.0
2024-12-19,14,0.754,0.0,0.0,0.246,1.0,0.0,0.0,1.0
2024-12-19,15,0.393,0.066,0.197,0.344,1.0,1.0,2.0,3.0
2024-12-19,16,0.63,0.328,0.043,0.0,1.0,2.0,1.0,0.0
2024-12-19,17,0.0,0.079,0.43,0.492,0.0,1.0,2.0,2.0
2024-12-19,18,0.118,0.0,0.354,0.528,2.0,0.0,3.0,2.0
2024-12-19,19,0.0,0.0,0.289,0.711,0.0,0.0,1.0,1.0
2024-12-19,20,0.0,0.0,0.223,0.777,0.0,0.0,1.0,1.0
2024-12-19,21,0.0,0.0,0.557,0.443,0.0,0.0,1.0,1.0
2024-12-19,22,0.0,0.0,0.331,0.669,0.0,0.0,2.0,1.0
2024-12-19,23,0.0,0.0,0.725,0.275,0.0,0.0,1.0,2.0
2024-12-20,0,0.0,0.0,0.685,0.315,0.0,0.0,1.0,1.0
2024-12-20,1,0.0,0.0,0.141,0.859,0.0,0.0,1.0,1.0
2024-12-20,2,0.0,0.0,0.285,0.715,0.0,0.0,1.0,1.0
2024-12-20,3,0.0,0.0,1.0,0.0,0.0,0.0,1.0,0.0
2024-12-20,4,0.118,0.0,0.41,0.472,1.0,0.0,2.0,1.0
2024-12-20,5,0.039,0.0,0.961,0.0,1.0,0.0,2.0,0.0
2024-12-20,6,0.272,0.118,0.098,0.511,1.0,1.0,1.0,1.0
2024-12-20,7,1.0,0.0,0.0,0.0,1.0,0.0,0.0,0.0
2024-12-20,8,1.0,0.0,0.0,0.0,1.0,0.0,0.0,0.0
2024-12-20,9,0.325,0.0,0.669,0.007,2.0,0.0,2.0,1.0
2024-12-20,10,0.298,0.0,0.118,0.584,2.0,0.0,1.0,1.0
2024-12-20,11,1.0,0.0,0.0,0.0,1.0,0.0,0.0,0.0
2024-12-20,12,0.433,0.0,0.118,0.449,2.0,0.0,1.0,2.0
2024-12-20,13,0.0,0.0,0.387,0.613,0.0,0.0,1.0,1.0
2024-12-20,14,0.236,0.0,0.607,0.157,3.0,0.0,3.0,1.0
2024-12-20,15,0.42,0.118,0.305,0.157,2.0,1.0,1.0,1.0
2024-12-20,16,1.0,0.0,0.0,0.0,1.0,0.0,0.0,0.0
2024-12-20,17,0.508,0.0,0.157,0.334,1.0,0.0,2.0,1.0
2024-12-20,18,0.0,0.0,0.0,1.0,0.0,0.0,0.0,1.0
2024-12-20,19,0.0,0.0,0.564,0.436,0.0,0.0,1.0,1.0
2024-12-20,20,0.0,0.0,0.144,0.856,0.0,0.0,1.0,1.0
2024-12-20,21,0.039,0.0,0.793,0.167,1.0,0.0,2.0,1.0
2024-12-20,22,0.0,0.0,0.072,0.928,0.0,0.0,1.0,1.0
2024-12-20,23,0.0,0.0,0.551,0.449,0.0,0.0,1.0,2.0
2024-12-21,0,0.0,0.0,0.787,0.213,0.0,0.0,1.0,1.0
2024-12-21,1,0.0,0.0,0.898,0.102,0.0,0.0,1.0,1.0
2024-12-21,2,0.0,0.0,0.479,0.521,0.0,0.0,1.0,1.0
2024-12-21,3,0.0,0.0,0.774,0.226,0.0,0.0,1.0,1.0
2024-12-21,4,0.0,0.0,0.292,0.708,0.0,0.0,2.0,1.0
2024-12-21,5,0.0,0.0,1.0,0.0,0.0,0.0,1.0,0.0
2024-12-21,6,0.0,0.0,1.0,0.0,0.0,0.0,1.0,0.0
2024-12-21,7,0.0,0.0,1.0,0.0,0.0,0.0,1.0,0.0
2024-12-21,8,0.0,0.0,1.0,0.0,0.0,0.0,1.0,0.0
2024-12-21,9,0.361,0.0,0.639,0.0,2.0,0.0,2.0,0.0
2024-12-21,10,1.0,0.0,0.0,0.0,1.0,0.0,0.0,0.0
2024-12-21,11,0.921,0.079,0.0,0.0,2.0,1.0,0.0,0.0
2024-12-21,12,0.882,0.118,0.0,0.0,3.0,2.0,0.0,0.0
2024-12-21,13,0.967,0.033,0.0,0.0,1.0,1.0,0.0,0.0
2024-12-21,14,0.275,0.164,0.315,0.246,2.0,2.0,2.0,1.0
2024-12-21,15,0.144,0.118,0.472,0.266,1.0,1.0,2.0,2.0
2024-12-21,16,0.643,0.0,0.275,0.082,3.0,0.0,3.0,1.0
2024-12-21,17,0.511,0.0,0.197,0.292,3.0,0.0,2.0,2.0
2024-12-21,18,0.039,0.0,0.311,0.649,1.0,0.0,2.0,2.0
2024-12-21,19,0.0,0.0,0.331,0.669,0.0,0.0,2.0,1.0
2024-12-21,20,0.0,0.0,0.302,0.698,0.0,0.0,1.0,1.0
2024-12-21,21,0.039,0.0,0.754,0.207,1.0,0.0,2.0,1.0
2024-12-21,22,0.0,0.0,0.095,0.905,0.0,0.0,2.0,1.0
2024-12-21,23,0.0,0.0,0.961,0.039,0.0,0.0,2.0,1.0
2024-12-22,0,0.0,0.0,0.489,0.511,0.0,0.0,1.0,1.0
2024-12-22,1,0.0,0.0,0.534,0.466,0.0,0.0,1.0,1.0
2024-12-22,2,0.039,0.0,0.63,0.331,1.0,0.0,1.0,2.0
2024-12-22,3,0.0,0.0,0.538,0.462,0.0,0.0,1.0,1.0
2024-12-22,4,0.0,0.0,0.331,0.669,0.0,0.0,2.0,1.0
2024-12-22,5,0.0,0.0,1.0,0.0,0.0,0.0,1.0,0.0
2024-12-22,6,0.0,0.0,0.413,0.587,0.0,0.0,1.0,1.0
2024-12-22,7,0.0,0.0,0.997,0.003,0.0,0.0,1.0,1.0
2024-12-22,8,0.0,0.0,1.0,0.0,0.0,0.0,1.0,0.0
2024-12-22,9,0.439,0.0,0.561,0.0,1.0,0.0,1.0,0.0
2024-12-22,10,1.0,0.0,0.0,0.0,1.0,0.0,0.0,0.0
2024-12-22,11,0.961,0.039,0.0,0.0,2.0,1.0,0.0,0.0
2024-12-22,12,1.0,0.0,0.0,0.0,1.0,0.0,0.0,0.0
2024-12-22,13,1.0,0.0,0.0,0.0,1.0,0.0,0.0,0.0
2024-12-22,14,0.882,0.039,0.0,0.079,3.0,1.0,0.0,1.0
2024-12-22,15,0.659,0.079,0.184,0.079,2.0,1.0,2.0,1.0
2024-12-22,16,0.039,0.0,0.446,0.515,1.0,0.0,3.0,3.0
2024-12-22,17,0.039,0.0,0.177,0.784,1.0,0.0,2.0,1.0
2024-12-22,18,0.039,0.0,0.61,0.351,1.0,0.0,2.0,2.0
2024-12-22,19,0.0,0.0,0.092,0.908,0.0,0.0,1.0,1.0
2024-12-22,20,0.0,0.0,0.498,0.502,0.0,0.0,1.0,1.0
2024-12-22,21,0.118,0.0,0.393,0.489,1.0,0.0,1.0,2.0
2024-12-22,22,0.0,0.0,0.456,0.544,0.0,0.0,1.0,1.0
2024-12-22,23,0.0,0.0,0.252,0.748,0.0,0.0,2.0,2.0
2024-12-23,0,0.0,0.0,0.826,0.174,0.0,0.0,1.0,1.0
2024-12-23,1,0.0,0.0,0.584,0.416,0.0,0.0,1.0,1.0
2024-12-23,2,0.0,0.0,0.793,0.207,0.0,0.0,3.0,2.0
2024-12-23,3,0.0,0.0,0.341,0.659,0.0,0.0,1.0,1.0
2024-12-23,4,0.0,0.0,0.564,0.436,0.0,0.0,1.0,1.0
2024-12-23,5,0.0,0.0,0.61,0.39,0.0,0.0,1.0,1.0
2024-12-23,6,0.0,0.0,1.0,0.0,0.0,0.0,1.0,0.0
2024-12-23,7,0.0,0.0,0.41,0.59,0.0,0.0,2.0,1.0
2024-12-23,8,0.502,0.039,0.459,0.0,4.0,1.0,3.0,0.0
2024-12-23,9,0.207,0.0,0.793,0.0,1.0,0.0,1.0,0.0
2024-12-23,10,0.0,0.0,1.0,0.0,0.0,0.0,1.0,0.0
2024-12-23,11,0.708,0.0,0.292,0.0,1.0,0.0,1.0,0.0
2024-12-23,12,1.0,0.0,0.0,0.0,1.0,0.0,0.0,0.0
2024-12-23,13,0.574,0.0,0.426,0.0,3.0,0.0,3.0,0.0
2024-12-23,14,0.167,0.0,0.4,0.433,1.0,0.0,2.0,1.0
2024-12-23,15,0.344,0.0,0.656,0.0,1.0,0.0,1.0,0.0
2024-12-23,16,0.515,0.0,0.485,0.0,4.0,0.0,4.0,0.0
2024-12-23,17,0.252,0.0,0.433,0.315,2.0,0.0,1.0,1.0
2024-12-23,18,1.0,0.0,0.0,0.0,1.0,0.0,0.0,0.0
2024-12-23,19,0.803,0.0,0.197,0.0,3.0,0.0,2.0,0.0
2024-12-23,20,0.262,0.0,0.472,0.266,2.0,0.0,3.0,2.0
2024-12-23,21,0.236,0.0,0.321,0.443,2.0,0.0,3.0,2.0
2024-12-23,22,0.0,0.0,0.764,0.236,0.0,0.0,2.0,1.0
2024-12-23,23,0.118,0.0,0.803,0.079,1.0,0.0,3.0,1.0
2024-12-25,0,0.0,0.0,0.646,0.354,0.0,0.0,1.0,1.0
2024-12-25,1,0.0,0.0,0.77,0.23,0.0,0.0,1.0,1.0
2024-12-25,2,0.039,0.0,0.718,0.243,1.0,0.0,2.0,1.0
2024-12-25,3,0.0,0.0,1.0,0.0,0.0,0.0,1.0,0.0
2024-12-25,4,0.0,0.0,0.489,0.511,0.0,0.0,2.0,1.0
2024-12-25,5,0.0,0.0,1.0,0.0,0.0,0.0,1.0,0.0
2024-12-25,6,0.0,0.0,1.0,0.0,0.0,0.0,1.0,0.0
2024-12-25,7,0.0,0.0,0.567,0.433,0.0,0.0,2.0,1.0
2024-12-25,8,0.266,0.0,0.734,0.0,1.0,0.0,1.0,0.0
2024-12-25,9,1.0,0.0,0.0,0.0,1.0,0.0,0.0,0.0
2024-12-25,10,0.921,0.079,0.0,0.0,2.0,1.0,0.0,0.0
2024-12-25,11,1.0,0.0,0.0,0.0,1.0,0.0,0.0,0.0
2024-12-25,12,1.0,0.0,0.0,0.0,1.0,0.0,0.0,0.0
2024-12-25,13,0.849,0.0,0.151,0.0,1.0,0.0,1.0,0.0
2024-12-25,14,0.836,0.0,0.007,0.157,1.0,0.0,1.0,1.0
2024-12-25,15,0.528,0.0,0.157,0.315,2.0,0.0,1.0,1.0
2024-12-25,16,0.092,0.079,0.59,0.239,2.0,1.0,2.0,2.0
2024-12-25,17,0.039,0.0,0.61,0.351,1.0,0.0,3.0,2.0
2024-12-25,18,0.039,0.0,0.567,0.393,1.0,0.0,3.0,1.0
2024-12-25,19,0.0,0.0,0.174,0.826,0.0,0.0,2.0,1.0
2024-12-25,20,0.0,0.0,0.498,0.502,0.0,0.0,1.0,1.0
2024-12-25,21,0.0,0.0,0.708,0.292,0.0,0.0,1.0,2.0
2024-12-25,22,0.0,0.0,0.141,0.859,0.0,0.0,1.0,1.0
2024-12-25,23,0.0,0.0,0.803,0.197,0.0,0.0,1.0,2.0
2024-12-27,0,0.079,0.0,0.551,0.37,1.0,0.0,2.0,1.0
2024-12-27,1,0.0,0.0,0.787,0.213,0.0,0.0,1.0,2.0
2024-12-27,2,0.039,0.0,0.63,0.331,1.0,0.0,1.0,2.0
2024-12-27,3,0.0,0.0,0.577,0.423,0.0,0.0,1.0,1.0
2024-12-27,4,0.0,0.0,0.489,0.511,0.0,0.0,2.0,1.0
2024-12-27,5,0.0,0.0,1.0,0.0,0.0,0.0,1.0,0.0
2024-12-27,6,0.0,0.0,1.0,0.0,0.0,0.0,1.0,0.0
2024-12-27,7,0.039,0.0,0.515,0.446,1.0,0.0,2.0,1.0
2024-12-27,8,0.0,0.0,0.974,0.026,0.0,0.0,1.0,1.0
2024-12-27,9,0.439,0.0,0.561,0.0,1.0,0.0,1.0,0.0
2024-12-27,10,0.921,0.079,0.0,0.0,2.0,1.0,0.0,0.0
2024-12-27,11,1.0,0.0,0.0,0.0,1.0,0.0,0.0,0.0
2024-12-27,12,0.275,0.0,0.275,0.449,1.0,0.0,1.0,1.0
2024-12-27,13,0.859,0.039,0.079,0.023,2.0,1.0,1.0,1.0
2024-12-27,14,0.675,0.325,0.0,0.0,1.0,1.0,0.0,0.0
2024-12-27,15,0.262,0.502,0.157,0.079,1.0,2.0,1.0,1.0
2024-12-27,16,0.131,0.197,0.161,0.511,2.0,1.0,2.0,1.0
2024-12-27,17,0.039,0.0,0.331,0.63,1.0,0.0,3.0,1.0
2024-12-27,18,0.393,0.0,0.374,0.233,2.0,0.0,3.0,1.0
2024-12-27,19,0.118,0.0,0.236,0.646,1.0,0.0,1.0,2.0
2024-12-27,20,0.0,0.0,0.59,0.41,0.0,0.0,1.0,2.0
2024-12-27,21,0.0,0.0,0.282,0.718,0.0,0.0,1.0,1.0
2024-12-27,22,0.118,0.0,0.308,0.574,1.0,0.0,2.0,1.0
2024-12-27,23,0.0,0.0,0.669,0.331,0.0,0.0,2.0,2.0
2024-12-28,0,0.236,0.0,0.41,0.354,1.0,0.0,1.0,1.0
2024-12-28,1,0.0,0.0,0.685,0.315,0.0,0.0,2.0,1.0
2024-12-28,2,0.0,0.0,0.37,0.63,0.0,0.0,2.0,1.0
2024-12-28,3,0.0,0.0,1.0,0.0,0.0,0.0,1.0,0.0
2024-12-28,4,0.0,0.0,0.643,0.357,0.0,0.0,1.0,1.0
2024-12-28,5,0.0,0.0,0.767,0.233,0.0,0.0,1.0,1.0
2024-12-28,6,0.036,0.0,0.807,0.157,1.0,0.0,1.0,1.0
2024-12-28,7,0.082,0.0,0.905,0.013,1.0,0.0,1.0,1.0
2024-12-28,8,0.079,0.0,0.58,0.341,1.0,0.0,1.0,1.0
2024-12-28,9,0.754,0.079,0.167,0.0,2.0,1.0,1.0,0.0
2024-12-28,10,1.0,0.0,0.0,0.0,1.0,0.0,0.0,0.0
2024-12-28,11,0.921,0.0,0.079,0.0,1.0,0.0,1.0,0.0
2024-12-28,12,0.0,0.0,0.292,0.708,0.0,0.0,2.0,1.0
2024-12-28,13,0.78,0.0,0.22,0.0,1.0,0.0,1.0,0.0
2024-12-28,14,1.0,0.0,0.0,0.0,1.0,0.0,0.0,0.0
2024-12-28,15,0.816,0.039,0.144,0.0,3.0,1.0,2.0,0.0
2024-12-28,16,0.0,0.0,0.013,0.987,0.0,0.0,1.0,1.0
2024-12-28,17,0.315,0.0,0.275,0.41,2.0,0.0,2.0,3.0
2024-12-28,18,0.354,0.0,0.233,0.413,1.0,0.0,1.0,1.0
2024-12-28,19,0.0,0.0,0.331,0.669,0.0,0.0,2.0,1.0
2024-12-28,20,0.0,0.0,0.538,0.462,0.0,0.0,1.0,1.0
2024-12-28,21,0.0,0.0,0.708,0.292,0.0,0.0,1.0,2.0
2024-12-28,22,0.0,0.0,0.613,0.387,0.0,0.0,1.0,1.0
2024-12-28,23,0.039,0.0,0.449,0.511,1.0,0.0,2.0,2.0
2024-12-29,0,0.0,0.0,1.0,0.0,0.0,0.0,1.0,0.0
2024-12-29,1,0.0,0.0,0.377,0.623,0.0,0.0,1.0,1.0
2024-12-29,2,0.0,0.0,0.993,0.007,0.0,0.0,1.0,1.0
2024-12-29,3,0.0,0.0,0.567,0.433,0.0,0.0,2.0,1.0
2024-12-29,4,0.0,0.0,1.0,0.0,0.0,0.0,1.0,0.0
2024-12-29,5,0.0,0.0,0.489,0.511,0.0,0.0,2.0,1.0
2024-12-29,6,0.0,0.0,1.0,0.0,0.0,0.0,1.0,0.0
2024-12-29,7,0.0,0.0,1.0,0.0,0.0,0.0,1.0,0.0
2024-12-29,8,0.039,0.0,0.685,0.275,1.0,0.0,4.0,2.0
2024-12-29,9,0.557,0.0,0.443,0.0,1.0,0.0,1.0,0.0
2024-12-29,10,1.0,0.0,0.0,0.0,1.0,0.0,0.0,0.0
2024-12-29,11,1.0,0.0,0.0,0.0,1.0,0.0,0.0,0.0
2024-12-29,12,0.866,0.0,0.134,0.0,1.0,0.0,1.0,0.0
2024-12-29,13,0.472,0.0,0.134,0.393,1.0,0.0,2.0,1.0
2024-12-29,14,0.0,0.039,0.331,0.63,0.0,1.0,3.0,1.0
2024-12-29,15,0.551,0.0,0.449,0.0,1.0,0.0,2.0,0.0
2024-12-29,16,0.239,0.0,0.367,0.393,1.0,0.0,2.0,1.0
2024-12-29,17,0.233,0.0,0.748,0.02,3.0,0.0,3.0,1.0
2024-12-29,18,0.0,0.0,0.548,0.452,0.0,0.0,1.0,1.0
2024-12-29,19,0.039,0.0,0.515,0.446,1.0,0.0,2.0,2.0
2024-12-29,20,0.0,0.0,0.462,0.538,0.0,0.0,1.0,1.0
2024-12-29,21,0.079,0.0,0.489,0.433,1.0,0.0,2.0,1.0
2024-12-29,22,0.039,0.0,0.82,0.141,1.0,0.0,2.0,1.0
2024-12-29,23,0.0,0.0,0.748,0.252,0.0,0.0,3.0,2.0
2024-12-30,0,0.0,0.0,0.646,0.354,0.0,0.0,2.0,1.0
2024-12-30,1,0.0,0.0,0.725,0.275,0.0,0.0,3.0,2.0
2024-12-30,2,0.0,0.0,0.479,0.521,0.0,0.0,1.0,1.0
2024-12-30,3,0.0,0.0,0.931,0.069,0.0,0.0,1.0,1.0
2024-12-30,4,0.0,0.0,0.685,0.315,0.0,0.0,2.0,1.0
2024-12-30,5,0.0,0.0,1.0,0.0,0.0,0.0,1.0,0.0
2024-12-30,6,0.0,0.0,0.567,0.433,0.0,0.0,2.0,1.0
2024-12-30,7,0.0,0.0,0.987,0.013,0.0,0.0,1.0,1.0
2024-12-30,8,0.0,0.0,0.856,0.144,0.0,0.0,1.0,1.0
2024-12-30,9,0.0,0.0,0.921,0.079,0.0,0.0,2.0,1.0
2024-12-30,10,0.298,0.079,0.544,0.079,3.0,1.0,2.0,2.0
2024-12-30,11,0.725,0.118,0.157,0.0,2.0,1.0,1.0,0.0
2024-12-30,12,0.882,0.0,0.118,0.0,2.0,0.0,1.0,0.0
2024-12-30,13,0.023,0.0,0.826,0.151,1.0,0.0,1.0,1.0
2024-12-30,14,0.59,0.039,0.246,0.125,2.0,1.0,2.0,1.0
2024-12-30,15,0.393,0.0,0.449,0.157,2.0,0.0,3.0,1.0
2024-12-30,16,0.59,0.0,0.41,0.0,2.0,0.0,3.0,0.0
2024-12-30,17,0.315,0.0,0.685,0.0,2.0,0.0,3.0,0.0
2024-12-30,18,0.039,0.0,0.41,0.551,1.0,0.0,3.0,1.0
2024-12-30,19,0.0,0.0,0.607,0.393,0.0,0.0,2.0,1.0
2024-12-30,20,0.0,0.0,1.0,0.0,0.0,0.0,1.0,0.0
2024-12-30,21,0.0,0.0,0.607,0.393,0.0,0.0,2.0,1.0
2024-12-30,22,0.197,0.0,0.489,0.315,1.0,0.0,2.0,1.0
2024-12-30,23,0.0,0.0,1.0,0.0,0.0,0.0,2.0,0.0
2025-01-01,0,0.0,0.0,0.725,0.275,0.0,0.0,1.0,1.0
2025-01-01,1,0.0,0.0,0.77,0.23,0.0,0.0,2.0,2.0
2025-01-01,2,0.0,0.0,0.639,0.361,0.0,0.0,1.0,1.0
2025-01-01,3,0.0,0.0,0.449,0.551,0.0,0.0,2.0,1.0
2025-01-01,4,0.0,0.0,0.643,0.357,0.0,0.0,1.0,1.0
2025-01-01,5,0.0,0.0,0.925,0.075,0.0,0.0,1.0,1.0
2025-01-01,6,0.311,0.0,0.689,0.0,2.0,0.0,2.0,0.0
2025-01-01,7,0.436,0.0,0.315,0.249,1.0,0.0,2.0,2.0
2025-01-01,8,0.039,0.0,0.816,0.144,1.0,0.0,3.0,2.0
2025-01-01,9,0.518,0.0,0.482,0.0,1.0,0.0,1.0,0.0
2025-01-01,10,0.426,0.0,0.416,0.157,2.0,0.0,2.0,1.0
2025-01-01,11,0.511,0.0,0.489,0.0,1.0,0.0,1.0,0.0
2025-01-01,12,0.882,0.0,0.118,0.0,2.0,0.0,1.0,0.0
2025-01-01,13,0.731,0.0,0.079,0.19,1.0,0.0,1.0,1.0
2025-01-01,14,0.275,0.0,0.325,0.4,1.0,0.0,2.0,2.0
2025-01-01,15,0.813,0.0,0.187,0.0,1.0,0.0,1.0,0.0
2025-01-01,16,0.921,0.0,0.079,0.0,2.0,0.0,1.0,0.0
2025-01-01,17,0.607,0.0,0.393,0.0,2.0,0.0,1.0,0.0
2025-01-01,18,0.098,0.0,0.508,0.393,2.0,0.0,5.0,3.0
2025-01-01,19,0.0,0.0,0.331,0.669,0.0,0.0,2.0,1.0
2025-01-01,20,0.0,0.0,0.42,0.58,0.0,0.0,1.0,1.0
2025-01-01,21,0.0,0.0,0.99,0.01,0.0,0.0,1.0,1.0
2025-01-01,22,0.0,0.0,0.567,0.433,0.0,0.0,3.0,1.0
2025-01-01,23,0.0,0.0,0.37,0.63,0.0,0.0,2.0,2.0
2025-01-02,0,0.0,0.0,0.669,0.331,0.0,0.0,1.0,1.0
2025-01-02,1,0.0,0.0,0.82,0.18,0.0,0.0,1.0,1.0
2025-01-02,2,0.0,0.0,0.41,0.59,0.0,0.0,2.0,1.0
2025-01-02,3,0.0,0.0,0.685,0.315,0.0,0.0,2.0,1.0
2025-01-02,4,0.039,0.0,0.961,0.0,1.0,0.0,2.0,0.0
2025-01-02,5,0.0,0.0,0.646,0.354,0.0,0.0,2.0,1.0
2025-01-02,6,0.0,0.0,0.689,0.311,0.0,0.0,1.0,1.0
2025-01-02,7,0.0,0.0,0.957,0.043,0.0,0.0,1.0,1.0
2025-01-02,8,0.039,0.0,0.734,0.226,1.0,0.0,3.0,2.0
2025-01-02,9,0.951,0.0,0.0,0.049,1.0,0.0,0.0,1.0
2025-01-02,10,1.0,0.0,0.0,0.0,1.0,0.0,0.0,0.0
2025-01-02,11,1.0,0.0,0.0,0.0,1.0,0.0,0.0,0.0
2025-01-02,12,0.236,0.646,0.118,0.0,2.0,3.0,1.0,0.0
2025-01-02,13,0.118,0.449,0.236,0.197,2.0,3.0,1.0,1.0
2025-01-02,14,0.118,0.882,0.0,0.0,2.0,3.0,0.0,0.0
2025-01-02,15,0.157,0.843,0.0,0.0,2.0,3.0,0.0,0.0
2025-01-02,16,0.0,0.131,0.633,0.236,0.0,1.0,2.0,1.0
2025-01-02,17,0.0,0.334,0.587,0.079,0.0,4.0,4.0,1.0
2025-01-02,18,0.0,0.531,0.236,0.233,0.0,3.0,2.0,1.0
2025-01-02,19,0.0,0.0,0.669,0.331,0.0,0.0,1.0,2.0
2025-01-02,20,0.039,0.0,0.384,0.577,1.0,0.0,3.0,2.0
2025-01-02,21,0.157,0.0,0.252,0.59,3.0,0.0,4.0,1.0
2025-01-02,22,0.0,0.0,0.898,0.102,0.0,0.0,2.0,2.0
2025-01-02,23,0.0,0.0,0.63,0.37,0.0,0.0,2.0,1.0
